10.946909836
55.702957668
73.057741465
11.401875649999994
7.708659412000003
7.662912931999983
7.576084516000009
50.659150157
55.69138809500001
32.879449050999995
3.2095281170000476
49.51826453799998
13.756682598999987
18.698237826000025
45.623953616999984
48.49780955399996
44.65497071400006
7.895060780999984
6.502101176999986
7.9126599179999175
12.466454235000015
18.21676426299996
8.348856953999984
7.56953506900004
10.953581288999999
8.621379289999936
14.123200047999944
7.523957712999959
10.396539425000014
8.111789504999933
7.61097466199999
8.487004433000038
10.725862828000004
7.419533680999962
8.276259834999905
7.369255328999998
7.531148192000046
7.521689397000046
7.484031059999893
18.633534295000004
7.563311037999938
7.813466311999946
9.743689431000007
9.676304157000004
7.611631203000002
16.393514972000048
7.51717639900005
7.973207466999952
7.522178642999961
34.86335382799996
19.30170301199996
11.144799740000053
15.058508722000056
23.83514019000006
6.601824437999994
33.67272359799995
14.153419880000001
3.941452115000061
35.84779265700013
54.901052875000005
1295.883015672
13.287811771999714
8.798680859999877
6.35987300800025
9.241326762999961
9.358586783000192
17.992142614000386
12.665787379999983
9.785284326999772
73.38809962999994
47.846027856999626
6.115695744999812
15.428576635999889
7.910940229000062
13.315665085000091
49.19737406899958
28.81689367099989
8.088835427000049
8.744563132000167
5.736760289999893
16.928214301000025
11.01317961299992
15.843926639000074
11.047833362999882
19.48062753899967
13.488150660999963
14.293034042999807
16.143251023000175
22.667178999000043
17.209157686999788
18.870419367000068
12.0857177339999
15.900345087999995
10.828884513000048
13.562497417000031
24.867768527000408
15.312568980999913
11.630282535999868
23.758220623999932
14.735995576999812
8.098775060000207
7.499269690000347
13.118749693000154
11.23430181699996
7.741658438000286
377.07257935300004
33.16594719600016
15.535616617999949
9.614931839999826
12.98536087299999
9.83274155700019
19.54323079300002
13.861696907999885
15.543848501999946
7.9096245380001164
153.52403115300012
78.57370871000012
136.63147702700007
11.280190659000255
10.425319433999903
27.774419628000032
15.933726496999952
19.09144273200036
11.786333998000373
12.42514590599967
41.84545235499991
12.917963580000105
31.01084395900034
50.751965641000425
171.08200811700044
12.58100919700064
17.885507869999856
9.91357551100009
18.402746009999646
12.97279615000025
9.227833919999284
10.084284644000036
67.03791710200039
18.138370189000852
9.537786394999785
6.600162693000129
8.682931078000365
9.293920848000198
6.704225267999391
8.989489563999996
5.845407627999521
6.9665697800001
6.369140707000042
10.030454724000265
5.862319566000224
6.1110699800001385
6.929319269000189
6.387563298000714
7.845422530999713
9.199133004000032
6.743170732000181
8.274499798999386
10.811079588000212
20.692662723000467
11.458782671000336
11.445208524999543
6.457270791000155
8.656651540999519
60.55859763099943
8.96979342099985
10.359944052000174
12.61892039400027
25.426695015000405
8.597950092000247
104.58004678799989
32.37566566999976
246.87749083199924
15.015339573999881
18.43442858600065
16.806979347999913
14.301085316000353
22.0121176800003
12.257286713000212
10.3696628029993
10.1795698979995
10.853975745999378
7.745485361000647
61.528300007000325
47.037265597999976
47.539443824000045
10.850336137999875
20.432376266000574
9.172675748000074
18.66714359100024
12.629327929999818
6.15521379799975
12.05762399699961
12.361682779999683
13.014441282000007
14.414537030000247
80.14397555600044
7.82946209200054
19.344096413000443
13.41908438900009
23.780839334999655
23.347380598999735
12.11949325400019
13.054094887999781
33.66692007799975
9.734764222999729
12.245223900000383
16.174811021000096
11.006864754000162
8.571586428000046
14.62751901699994
11.537746007999885
17.74933249500009
16.928275665
6.124689706999561
12.734385916000065
11.81288166899958
9.789792106000277
10.51788568000029
10.378362929000104
29.499086881999574
11.116773705999549
12.029512334000174
10.103120091999699
19.08463440000014
7.61506264199943
9.107527572000436
21.84638005799934
67.4023167840005
8.114522645000761
8.98003200400035
19.583844624999983
18.340436712000155
15.121382283999992
7.442267355000695
18.88241175100029
14.823831726000208
19.87960971299981
18.039745776000018
10.015900219000287
10.544179726000038
16.099794787000064
14.302348195999912
14.601528690999658
8.306898972999988
16.363009723999312
46.404568357000244
51.29279316500015
27.76882511599979
27.308317034000538
20.39418842300074
20.478980208000394
10.106488813999931
5.164464878000217
28.03204460300003
9.568498109000757
22.550993902999835
16.840631398999903
72.75420164000025
14.468420580000384
10.425266448000002
11.135026851000475
11.632230420999804
10.148520173000179
10.937337600000319
11.669070382000427
18.44536247799988
11.95957812799952
9.144367026999134
12.153040418000273
18.131178835000355
17.667814950999855
22.077573313000357
20.015576257000248
15.303228701999615
18.87668768900039
16.81331522900018
17.32305922100022
16.87047794299997
13.971320831000412
14.317416158000015
19.06139566100046
12.15252485000019
13.360974641999746
12.998595047999515
14.315353003999917
16.76364885500061
39.235887089000244
10.159670338999604
8.869005112000195
59.424705102999724
10.078597217000606
8.913014368000404
25.05746689500029
47.40157507500044
29.12307835899992
21.249656339000467
22.107891419000225
22.294278725999902
18.557364965000488
46.86780386400005
36.411881194999296
30.059221178999906
23.143814124000528
22.325290042000233
35.03033190699989
32.594835418
35.71471601899975
32.67266986300001
43.404039594000096
28.077246677000403
29.192812531000527
27.252544176999436
33.086527039999964
28.41731655499916
38.61350574300013
13.145905704999677
25.98424630699992
35.675274438001
31.1691881200004
39.78100385400103
31.27385209699969
17.281852391999564
18.622637744001622
14.555298021999988
19.19108838500142
11.521382257000369
21.70759357499992
7.107355232001282
8.28224340199995
9.222988167999574
19.215837808998913
17.139035681999303
7.874955229999614
145.87505576799958
69.79323628100065
25.15315917299995
22.079026293000425
36.07032795300074
13.493221575001371
16.447682657999394
38.62748362000093
31.573020489000555
9.735932323999805
51.061686894998275
18.122196660000554
101.49117470299825
26.645574725000188
66.97442233499896
34.62123609000082
32.17316710000159
68.87309717599965
49.91471803799868
9.014942181998777
13.02522019099888
8.710724694999953
20.70324570699995
32.31884236500082
20.851182421001795
12.912112938000064
7.12058512799922
6.480109578998963
11.54611172299883
8.383485099999234
10.364258053999947
26.63555978899967
18.712628369999948
43.88150587999917
27.52333416500005
14.114187940000193
22.578514800999983
118.21666055099922
40.6921228859992
38.6700304900005
14.509463470998526
14.410438520999378
23.046807820999675
11.234853538000607
9.830715435000457
11.779267112000525
15.81390572700002
14.72557508799946
16.219431894998706
20.363413573999424
6.372002803000214
12.15678353200019
6.808182610999211
12.619125979999808
16.241078933999233
9.448954045999926
18.38548288000129
20.959442793000562
85.81795216800128
20.654147175999242
22.333542987000328
4.0919034280013875
26.057106378000753
20.975519505000193
23.922271083998567
8.425605225000254
13.699609518000216
26.736399342998993
16.670177145000707
5.518921933000456
10.902449373999843
24.79419829699873
17.72930259900022
12.967638459000227
6.035134290999849
9.171376444999623
120.79525955600002
8.874439564999193
76.18679190900002
61.746461871000065
63.13739361900116
9.57030932700036
12.8941778899989
33.106157689999236
117.74613894399954
28.429497312999956
11.082207710000148
13.246872978999818
25.426569957000538
10.06866288099991
7.364696692000507
15.142030193999744
35.75854877999882
15.911820403998718
8.305662897999355
8.457083481000154
8.34685699900001
7.897332610000376
7.999190358001215
12.390635392999684
7.643637438000951
6.8819542990004265
18.730741731998933
8.740492025999629
57.725561847999415
61.54677187999914
98.57393992799916
56.22771356999874
54.762292632000026
29.401370404000772
61.51069442800144
64.03845584800001
24.61983375300042
5.641992929999105
11.88768086500022
13.18958206699972
12.290945516999273
11.138277686999572
18.276956519001033
9.181359894000707
13.173865934000787
7.628808004001257
7.1498562390006555
52.97028148800018
45.18749671200021
8.434182195000176
20.43684137800119
13.04746180499933
15.565076955999757
8.168591259000095
15.067254768000566
13.332126150999102
11.846695047001049
11.499891781999395
11.092978172000585
13.423550486999375
10.209447315999569
13.231957649999458
13.166913539998859
9.025403396000911
9.941293724999923
8.81160834000002
11.925037806000546
19.35718144800012
9.093026331000146
12.136715061998984
173.49120583200056
33.413042123000196
22.126886924001155
29.869039326000348
39.411046247998456
12.277821028001199
22.405520672999046
5.4832915010010765
14.545134662999772
22.112066071998925
8.534965612001542
7.243138333999013
8.224586709000505
11.73712513099963
20.37135940600092
13.100083549999908
12.361305582000568
17.799001932000465
8.135094881999976
21.65884548000031
9.096186479000608
8.9663445089991
27.875259078000454
83.16669606699907
11.95861326799968
6.377570573000412
12.131308284000625
10.068387765999432
19.79092826700071
11.299620333000348
7.78161884399924
13.60973800299871
4.026212910999675
7.058155976999842
16.000364426001397
15.442643841999597
30.91621354000017
53.0347347529987
33.38792094500059
3.615574530000231
23.419135738000477
9.440043200000218
34.64589509600046
21.913282184999844
25.072230269999636
9.513742381001066
8.509872517000986
8.239683245001288
10.93327790100011
7.259454434000872
13.995406029998776
18.53578295099942
10.463513054000941
52.59585821299879
8.09575889000007
7.455075018000571
11.697025864001262
9.503364005000549
4.992683827998917
5.474408660998961
14.094567706999442
11.928279765999832
8.16597627399824
23.342123363998326
248.5257439199995
44.88528228799987
9.403189546999783
25.8668947139995
4.459182773000066
7.858808940998642
42.41464205099874
17.29286292299912
24.722136570000657
20.031388087998494
16.925495628000135
32.88493516399831
3.5631235820001166
8.063171728999805
54.32132290700065
15.088345803000266
31.35230275899994
8.60047419699913
6.5129120040001
11.068584369999371
9.320497702001376
25.729369532999044
9.386567013998501
10.590989566000644
7.794354370000292
344.42508777700095
9.270503765001195
42.85541010400084
20.889986341000622
208.0723398709997
67.29373826999836
86.0979477009987
14.66378696799984
16.38677939199988
3.9856974000012997
15.221465931999774
19.134498466000878
8.160106592999
13.654440609998346
22.357953923999958
121.09891799399884
37.1553076780001
18.556781911000144
14.089420952999717
28.652129202999276
11.378078593999817
10.242567961000532
8.708891339001639
13.288712487999874
14.55075902200042
8.16151364000143
6.89969524099979
20.323156988000846
6.681412612000713
18.714550683000198
35.605532823999965
17.91129977499986
18.22855938900102
9.447034646000247
14.565536041000087
8.887223339001139
8.001783985999282
11.07389213100032
8.491143101000489
9.351506484999845
42.16606155200134
19.021462546001203
17.77806782299922
8.374271009999575
11.977906118998362
9.381346946000122
18.66136290400027
5.666953965001085
9.466910082999675
6.1937977470006444
9.050611109001693
13.343609146000745
8.949209061000147
14.54321986800096
46.863241725999615
14.721437860000151
128.33257002999926
36.06344024499958
12.191606149001018
5.448720054999285
17.502073076999295
21.448645443000714
9.9743302400002
12.051856849000615
9.35148224600016
7.0358867940012715
68.44822498400026
15.210141625000688
21.6605458060003
19.052349003999552
7.3735286589999305
6.40124290499989
9.62487203299861
17.355678468000406
14.474119146998419
11.341850475000683
9.391266061000351
49.825100223002664
4.019894154000212
3.9801634329996887
14.64520240999991
19.011489705000713
6.651037220999569
10.074993328998971
11.094562618000054
7.406973518998711
3.865594687998964
15.648799457998393
8.096464477999689
9.005844680999871
11.400774004003324
6.388887306999095
8.472300540001015
8.046163278002496
3.5993059600004926
12.044042598001397
15.557515713997418
29.183757896997122
26.008760054002778
9.284663804999582
20.923952510001982
8.05093694000243
9.639223992999177
8.53647413300132
9.092177205002372
14.22063267199701
8.77286681699843
10.866956021000078
6.695657296000718
3.411046465000254
30.48406634699859
13.723725117000868
16.531119781000598
54.151137510998524
22.269549946999177
182.9800558349998
38.88142470200182
25.067563911001344
11.880768751998403
11.07200253100018
8.281320097998105
10.174396095000702
9.224084957997547
9.008022890000575
9.914216001998284
9.257887088999269
8.169346485999995
8.323648175999551
7.599420146998455
16.00488326100094
11.629310303000238
12.121712644999207
9.24144103800063
8.120726363002177
9.944874200002232
7.954876446001435
7.803546164999716
9.550580580002134
13.499260433000018
11.063004693998664
9.374187413999607
11.198554020997108
9.26295835199926
11.981013191001693
9.831401562998508
10.601974728000641
9.341266007999366
13.953389043999778
9.447444377001375
8.16827086000194
8.18863484600297
7.700979675999406
11.195062807000795
17.315568460002396
9.665143555001123
12.58514229100183
9.073624389999168
7.793816635999974
8.524855618001311
15.818146741999954
14.021174647001317
9.661717678001878
22.560193979999895
10.995910797999386
10.936176137001894
10.525092877000134
8.945364751001762
5.862318151997897
7.919083125998441
8.075899522998952
3.392931291997229
3.1584859879985743
17.822072161001415
10.370152987998154
97.31986244200016
34.05500797499917
17.874496895001357
7.815659018000588
10.889442039999267
9.732504968000285
34.36085580800136
11.245438857000408
18.464375251998717
9.961036533997685
27.58070413799942
11.975419184000202
14.882276252999873
22.511490303000755
23.92789485799949
72.18947029699848
30.09661732799941
9.955378909999126
21.9583891220027
16.946582345000934
20.216067624998686
24.174515467002493
25.494316657001036
24.62849206199826
20.023098849000235
16.548182828999416
20.80524339299882
26.67249875700145
18.072707762999926
16.06670724599826
20.64613266699962
13.200824345000001
20.198508481997123
13.369118177997734
14.65562147899982
14.995498938998935
7.808871486999124
43.58398381200095
17.094086176002747
9.410931279999204
4.072795500000211
15.585992423999414
32.13436345000082
6.696691583001666
14.817299556001672
12.950565799998003
12.70935238400125
10.304312651001965
56.16877464299978
32.025649867999164
18.73668856400036
10.966997595001885
18.967239285000687
11.582224193000002
23.72956798800078
13.795861678001529
6.262655654998525
14.21077675700144
24.57984137600215
3.605778282999381
121.53470316300081
12.135360652999225
11.73288308300107
11.288922837000428
14.849768965003022
8.669119668000349
13.258390053997573
23.47623248399759
76.14072520500122
20.920268882997334
10.596109768001043
19.813709292000567
31.88276930899883
34.66499290600041
41.38257430500016
13.934283883998432
9.74420002399711
18.337220186000195
50.328877388001274
21.370993576998444
11.358623902000545
14.17923226199855
10.211295624998456
7.299790372999269
111.77001902300253
106.32021288200121
9.132347883998591
28.457667621001747
7.993109506001929
8.717364533000364
13.526427284999954
16.288098376997368
5.609045991997846
8.078870901998016
59.083038148000924
54.98621995099893
33.33157276400016
12.592946454999037
24.631394927000656
54.112084444001084
12.71334265599944
15.5618647170013
79.86463069100137
76.87935789499898
75.29073409400007
37.151825312001165
47.44487247299912
24.144221430997277
137.4714772469997
42.29086566400292
66.7687982360003
21.947437449998688
19.400694856001792
16.324948092998966
18.852923663002002
21.303363385999546
17.785234915998444
71.21126965099756
55.99572127400097
74.37130157200227
63.911395703999005
30.918826889999764
15.345609085998149
19.756292919999396
46.019677092001075
54.00895308800318
59.89524516500023
16.39929144800044
17.602383644996735
72.342367859882103
88.02577188400028
77.41453829499733
79.02360698899793
29.256859646997327
74.1024851300026
58.2246695319991
94.74859961599941
41.96805054400102
57.32282830799886
17.079522362997523
37.27275572600047
16.05135543900178
15.08003796200137
29.28139339200061
21.21036993099915
24.560877050000272
39.62705744499908
65.39334988100018
79.29348933000074
73.4491112029973
69.76790470800188
32.95002344099703
15.989411421000113
87.02342374699947
108.39180907300033
43.92204642800061
32.10999479300153
44.49988097300229
40.24079056499977
99.77093913299905
29.685606678998738
23.500900435999938
14.741501977001462
37.21983630899922
62.6292224179997
33.52504333100296
45.62031492999813
27.755641651998303
19.050825459999032
49.031367464998766
60.66035511899827
30.813076580001507
72.33411010400232
38.561673207997956
64.73842118900211
17.664539609999338
30.97908423300032
21.461716835001425
36.56780052799877
27.23619371300083
14.934696057996916
77.4092243289997
25.50627222500043
22.44833107500017
38.81629756899929
25.67155689199717
45.53888507699958
11.827561912999954
19.32395609699961
45.53837480600123
132.5977118840019
131.998363349001
25.176741464998486
17.089284020999912
19.6059920459993
20.174340794001182
25.58587212999919
20.45057050899777
22.426568582999607
19.670450109999365
22.065553279997403
23.56698779100043
18.772376207998605
11.942661302000488
13.685960680002609
22.305201494000357
16.820928798999375
15.203150003999326
17.510933641999145
16.734401085999707
13.71961007599748
19.486652873998537
25.27008086600108
20.00432330699914
22.608697162999306
20.46150108800066
14.854569690000062
18.504909556999337
23.031906617998175
22.804597311998805
19.57285452799988
19.626976614999876
18.43597613300153
14.466726900998765
21.702516335000837
32.277647967999656
91.92839340100181
11.213041064998833
95.7357695669998
28.765139479000936
52.35810467999909
29.386533955999766
14.331631801000185
41.82161256700056
28.305183955999382
117.13165912800105
36.785490653001034
23.312826847002725
33.26896125300118
44.0189100969983
20.371737189998385
22.845375732998946
34.95981567000126
60.11515399699783
30.770704095000838
21.784450415998435
52.15103893700143
22.674225925999053
55.221074961998966
30.00883612299731
20.29606941500242
24.398679390000325
15.984843342001113
22.859719396998116
45.06491713500145
83.30705288800164
113.39613974500026
66.05215751499782
22.2235712469992

[10.946909836, 55.702957668, 73.057741465, 11.401875649999994, 7.708659412000003, 7.662912931999983, 7.576084516000009, 50.659150157, 55.69138809500001, 32.879449050999995, 3.2095281170000476, 49.51826453799998, 13.756682598999987, 18.698237826000025, 45.623953616999984, 48.49780955399996, 44.65497071400006, 7.895060780999984, 6.502101176999986, 7.9126599179999175, 12.466454235000015, 18.21676426299996, 8.348856953999984, 7.56953506900004, 10.953581288999999, 8.621379289999936, 14.123200047999944, 7.523957712999959, 10.396539425000014, 8.111789504999933, 7.61097466199999, 8.487004433000038, 10.725862828000004, 7.419533680999962, 8.276259834999905, 7.369255328999998, 7.531148192000046, 7.521689397000046, 7.484031059999893, 18.633534295000004, 7.563311037999938, 7.813466311999946, 9.743689431000007, 9.676304157000004, 7.611631203000002, 16.393514972000048, 7.51717639900005, 7.973207466999952, 7.522178642999961, 34.86335382799996, 19.30170301199996, 11.144799740000053, 15.058508722000056, 23.83514019000006, 6.601824437999994, 33.67272359799995, 14.153419880000001, 3.941452115000061, 35.84779265700013, 54.901052875000005, 1295.883015672, 13.287811771999714, 8.798680859999877, 6.35987300800025, 9.241326762999961, 9.358586783000192, 17.992142614000386, 12.665787379999983, 9.785284326999772, 73.38809962999994, 47.846027856999626, 6.115695744999812, 15.428576635999889, 7.910940229000062, 13.315665085000091, 49.19737406899958, 28.81689367099989, 8.088835427000049, 8.744563132000167, 5.736760289999893, 16.928214301000025, 11.01317961299992, 15.843926639000074, 11.047833362999882, 19.48062753899967, 13.488150660999963, 14.293034042999807, 16.143251023000175, 22.667178999000043, 17.209157686999788, 18.870419367000068, 12.0857177339999, 15.900345087999995, 10.828884513000048, 13.562497417000031, 24.867768527000408, 15.312568980999913, 11.630282535999868, 23.758220623999932, 14.735995576999812, 8.098775060000207, 7.499269690000347, 13.118749693000154, 11.23430181699996, 7.741658438000286, 377.07257935300004, 33.16594719600016, 15.535616617999949, 9.614931839999826, 12.98536087299999, 9.83274155700019, 19.54323079300002, 13.861696907999885, 15.543848501999946, 7.9096245380001164, 153.52403115300012, 78.57370871000012, 136.63147702700007, 11.280190659000255, 10.425319433999903, 27.774419628000032, 15.933726496999952, 19.09144273200036, 11.786333998000373, 12.42514590599967, 41.84545235499991, 12.917963580000105, 31.01084395900034, 50.751965641000425, 171.08200811700044, 12.58100919700064, 17.885507869999856, 9.91357551100009, 18.402746009999646, 12.97279615000025, 9.227833919999284, 10.084284644000036, 67.03791710200039, 18.138370189000852, 9.537786394999785, 6.600162693000129, 8.682931078000365, 9.293920848000198, 6.704225267999391, 8.989489563999996, 5.845407627999521, 6.9665697800001, 6.369140707000042, 10.030454724000265, 5.862319566000224, 6.1110699800001385, 6.929319269000189, 6.387563298000714, 7.845422530999713, 9.199133004000032, 6.743170732000181, 8.274499798999386, 10.811079588000212, 20.692662723000467, 11.458782671000336, 11.445208524999543, 6.457270791000155, 8.656651540999519, 60.55859763099943, 8.96979342099985, 10.359944052000174, 12.61892039400027, 25.426695015000405, 8.597950092000247, 104.58004678799989, 32.37566566999976, 246.87749083199924, 15.015339573999881, 18.43442858600065, 16.806979347999913, 14.301085316000353, 22.0121176800003, 12.257286713000212, 10.3696628029993, 10.1795698979995, 10.853975745999378, 7.745485361000647, 61.528300007000325, 47.037265597999976, 47.539443824000045, 10.850336137999875, 20.432376266000574, 9.172675748000074, 18.66714359100024, 12.629327929999818, 6.15521379799975, 12.05762399699961, 12.361682779999683, 13.014441282000007, 14.414537030000247, 80.14397555600044, 7.82946209200054, 19.344096413000443, 13.41908438900009, 23.780839334999655, 23.347380598999735, 12.11949325400019, 13.054094887999781, 33.66692007799975, 9.734764222999729, 12.245223900000383, 16.174811021000096, 11.006864754000162, 8.571586428000046, 14.62751901699994, 11.537746007999885, 17.74933249500009, 16.928275665, 6.124689706999561, 12.734385916000065, 11.81288166899958, 9.789792106000277, 10.51788568000029, 10.378362929000104, 29.499086881999574, 11.116773705999549, 12.029512334000174, 10.103120091999699, 19.08463440000014, 7.61506264199943, 9.107527572000436, 21.84638005799934, 67.4023167840005, 8.114522645000761, 8.98003200400035, 19.583844624999983, 18.340436712000155, 15.121382283999992, 7.442267355000695, 18.88241175100029, 14.823831726000208, 19.87960971299981, 18.039745776000018, 10.015900219000287, 10.544179726000038, 16.099794787000064, 14.302348195999912, 14.601528690999658, 8.306898972999988, 16.363009723999312, 46.404568357000244, 51.29279316500015, 27.76882511599979, 27.308317034000538, 20.39418842300074, 20.478980208000394, 10.106488813999931, 5.164464878000217, 28.03204460300003, 9.568498109000757, 22.550993902999835, 16.840631398999903, 72.75420164000025, 14.468420580000384, 10.425266448000002, 11.135026851000475, 11.632230420999804, 10.148520173000179, 10.937337600000319, 11.669070382000427, 18.44536247799988, 11.95957812799952, 9.144367026999134, 12.153040418000273, 18.131178835000355, 17.667814950999855, 22.077573313000357, 20.015576257000248, 15.303228701999615, 18.87668768900039, 16.81331522900018, 17.32305922100022, 16.87047794299997, 13.971320831000412, 14.317416158000015, 19.06139566100046, 12.15252485000019, 13.360974641999746, 12.998595047999515, 14.315353003999917, 16.76364885500061, 39.235887089000244, 10.159670338999604, 8.869005112000195, 59.424705102999724, 10.078597217000606, 8.913014368000404, 25.05746689500029, 47.40157507500044, 29.12307835899992, 21.249656339000467, 22.107891419000225, 22.294278725999902, 18.557364965000488, 46.86780386400005, 36.411881194999296, 30.059221178999906, 23.143814124000528, 22.325290042000233, 35.03033190699989, 32.594835418, 35.71471601899975, 32.67266986300001, 43.404039594000096, 28.077246677000403, 29.192812531000527, 27.252544176999436, 33.086527039999964, 28.41731655499916, 38.61350574300013, 13.145905704999677, 25.98424630699992, 35.675274438001, 31.1691881200004, 39.78100385400103, 31.27385209699969, 17.281852391999564, 18.622637744001622, 14.555298021999988, 19.19108838500142, 11.521382257000369, 21.70759357499992, 7.107355232001282, 8.28224340199995, 9.222988167999574, 19.215837808998913, 17.139035681999303, 7.874955229999614, 145.87505576799958, 69.79323628100065, 25.15315917299995, 22.079026293000425, 36.07032795300074, 13.493221575001371, 16.447682657999394, 38.62748362000093, 31.573020489000555, 9.735932323999805, 51.061686894998275, 18.122196660000554, 101.49117470299825, 26.645574725000188, 66.97442233499896, 34.62123609000082, 32.17316710000159, 68.87309717599965, 49.91471803799868, 9.014942181998777, 13.02522019099888, 8.710724694999953, 20.70324570699995, 32.31884236500082, 20.851182421001795, 12.912112938000064, 7.12058512799922, 6.480109578998963, 11.54611172299883, 8.383485099999234, 10.364258053999947, 26.63555978899967, 18.712628369999948, 43.88150587999917, 27.52333416500005, 14.114187940000193, 22.578514800999983, 118.21666055099922, 40.6921228859992, 38.6700304900005, 14.509463470998526, 14.410438520999378, 23.046807820999675, 11.234853538000607, 9.830715435000457, 11.779267112000525, 15.81390572700002, 14.72557508799946, 16.219431894998706, 20.363413573999424, 6.372002803000214, 12.15678353200019, 6.808182610999211, 12.619125979999808, 16.241078933999233, 9.448954045999926, 18.38548288000129, 20.959442793000562, 85.81795216800128, 20.654147175999242, 22.333542987000328, 4.0919034280013875, 26.057106378000753, 20.975519505000193, 23.922271083998567, 8.425605225000254, 13.699609518000216, 26.736399342998993, 16.670177145000707, 5.518921933000456, 10.902449373999843, 24.79419829699873, 17.72930259900022, 12.967638459000227, 6.035134290999849, 9.171376444999623, 120.79525955600002, 8.874439564999193, 76.18679190900002, 61.746461871000065, 63.13739361900116, 9.57030932700036, 12.8941778899989, 33.106157689999236, 117.74613894399954, 28.429497312999956, 11.082207710000148, 13.246872978999818, 25.426569957000538, 10.06866288099991, 7.364696692000507, 15.142030193999744, 35.75854877999882, 15.911820403998718, 8.305662897999355, 8.457083481000154, 8.34685699900001, 7.897332610000376, 7.999190358001215, 12.390635392999684, 7.643637438000951, 6.8819542990004265, 18.730741731998933, 8.740492025999629, 57.725561847999415, 61.54677187999914, 98.57393992799916, 56.22771356999874, 54.762292632000026, 29.401370404000772, 61.51069442800144, 64.03845584800001, 24.61983375300042, 5.641992929999105, 11.88768086500022, 13.18958206699972, 12.290945516999273, 11.138277686999572, 18.276956519001033, 9.181359894000707, 13.173865934000787, 7.628808004001257, 7.1498562390006555, 52.97028148800018, 45.18749671200021, 8.434182195000176, 20.43684137800119, 13.04746180499933, 15.565076955999757, 8.168591259000095, 15.067254768000566, 13.332126150999102, 11.846695047001049, 11.499891781999395, 11.092978172000585, 13.423550486999375, 10.209447315999569, 13.231957649999458, 13.166913539998859, 9.025403396000911, 9.941293724999923, 8.81160834000002, 11.925037806000546, 19.35718144800012, 9.093026331000146, 12.136715061998984, 173.49120583200056, 33.413042123000196, 22.126886924001155, 29.869039326000348, 39.411046247998456, 12.277821028001199, 22.405520672999046, 5.4832915010010765, 14.545134662999772, 22.112066071998925, 8.534965612001542, 7.243138333999013, 8.224586709000505, 11.73712513099963, 20.37135940600092, 13.100083549999908, 12.361305582000568, 17.799001932000465, 8.135094881999976, 21.65884548000031, 9.096186479000608, 8.9663445089991, 27.875259078000454, 83.16669606699907, 11.95861326799968, 6.377570573000412, 12.131308284000625, 10.068387765999432, 19.79092826700071, 11.299620333000348, 7.78161884399924, 13.60973800299871, 4.026212910999675, 7.058155976999842, 16.000364426001397, 15.442643841999597, 30.91621354000017, 53.0347347529987, 33.38792094500059, 3.615574530000231, 23.419135738000477, 9.440043200000218, 34.64589509600046, 21.913282184999844, 25.072230269999636, 9.513742381001066, 8.509872517000986, 8.239683245001288, 10.93327790100011, 7.259454434000872, 13.995406029998776, 18.53578295099942, 10.463513054000941, 52.59585821299879, 8.09575889000007, 7.455075018000571, 11.697025864001262, 9.503364005000549, 4.992683827998917, 5.474408660998961, 14.094567706999442, 11.928279765999832, 8.16597627399824, 23.342123363998326, 248.5257439199995, 44.88528228799987, 9.403189546999783, 25.8668947139995, 4.459182773000066, 7.858808940998642, 42.41464205099874, 17.29286292299912, 24.722136570000657, 20.031388087998494, 16.925495628000135, 32.88493516399831, 3.5631235820001166, 8.063171728999805, 54.32132290700065, 15.088345803000266, 31.35230275899994, 8.60047419699913, 6.5129120040001, 11.068584369999371, 9.320497702001376, 25.729369532999044, 9.386567013998501, 10.590989566000644, 7.794354370000292, 344.42508777700095, 9.270503765001195, 42.85541010400084, 20.889986341000622, 208.0723398709997, 67.29373826999836, 86.0979477009987, 14.66378696799984, 16.38677939199988, 3.9856974000012997, 15.221465931999774, 19.134498466000878, 8.160106592999, 13.654440609998346, 22.357953923999958, 121.09891799399884, 37.1553076780001, 18.556781911000144, 14.089420952999717, 28.652129202999276, 11.378078593999817, 10.242567961000532, 8.708891339001639, 13.288712487999874, 14.55075902200042, 8.16151364000143, 6.89969524099979, 20.323156988000846, 6.681412612000713, 18.714550683000198, 35.605532823999965, 17.91129977499986, 18.22855938900102, 9.447034646000247, 14.565536041000087, 8.887223339001139, 8.001783985999282, 11.07389213100032, 8.491143101000489, 9.351506484999845, 42.16606155200134, 19.021462546001203, 17.77806782299922, 8.374271009999575, 11.977906118998362, 9.381346946000122, 18.66136290400027, 5.666953965001085, 9.466910082999675, 6.1937977470006444, 9.050611109001693, 13.343609146000745, 8.949209061000147, 14.54321986800096, 46.863241725999615, 14.721437860000151, 128.33257002999926, 36.06344024499958, 12.191606149001018, 5.448720054999285, 17.502073076999295, 21.448645443000714, 9.9743302400002, 12.051856849000615, 9.35148224600016, 7.0358867940012715, 68.44822498400026, 15.210141625000688, 21.6605458060003, 19.052349003999552, 7.3735286589999305, 6.40124290499989, 9.62487203299861, 17.355678468000406, 14.474119146998419, 11.341850475000683, 9.391266061000351, 49.825100223002664, 4.019894154000212, 3.9801634329996887, 14.64520240999991, 19.011489705000713, 6.651037220999569, 10.074993328998971, 11.094562618000054, 7.406973518998711, 3.865594687998964, 15.648799457998393, 8.096464477999689, 9.005844680999871, 11.400774004003324, 6.388887306999095, 8.472300540001015, 8.046163278002496, 3.5993059600004926, 12.044042598001397, 15.557515713997418, 29.183757896997122, 26.008760054002778, 9.284663804999582, 20.923952510001982, 8.05093694000243, 9.639223992999177, 8.53647413300132, 9.092177205002372, 14.22063267199701, 8.77286681699843, 10.866956021000078, 6.695657296000718, 3.411046465000254, 30.48406634699859, 13.723725117000868, 16.531119781000598, 54.151137510998524, 22.269549946999177, 182.9800558349998, 38.88142470200182, 25.067563911001344, 11.880768751998403, 11.07200253100018, 8.281320097998105, 10.174396095000702, 9.224084957997547, 9.008022890000575, 9.914216001998284, 9.257887088999269, 8.169346485999995, 8.323648175999551, 7.599420146998455, 16.00488326100094, 11.629310303000238, 12.121712644999207, 9.24144103800063, 8.120726363002177, 9.944874200002232, 7.954876446001435, 7.803546164999716, 9.550580580002134, 13.499260433000018, 11.063004693998664, 9.374187413999607, 11.198554020997108, 9.26295835199926, 11.981013191001693, 9.831401562998508, 10.601974728000641, 9.341266007999366, 13.953389043999778, 9.447444377001375, 8.16827086000194, 8.18863484600297, 7.700979675999406, 11.195062807000795, 17.315568460002396, 9.665143555001123, 12.58514229100183, 9.073624389999168, 7.793816635999974, 8.524855618001311, 15.818146741999954, 14.021174647001317, 9.661717678001878, 22.560193979999895, 10.995910797999386, 10.936176137001894, 10.525092877000134, 8.945364751001762, 5.862318151997897, 7.919083125998441, 8.075899522998952, 3.392931291997229, 3.1584859879985743, 17.822072161001415, 10.370152987998154, 97.31986244200016, 34.05500797499917, 17.874496895001357, 7.815659018000588, 10.889442039999267, 9.732504968000285, 34.36085580800136, 11.245438857000408, 18.464375251998717, 9.961036533997685, 27.58070413799942, 11.975419184000202, 14.882276252999873, 22.511490303000755, 23.92789485799949, 72.18947029699848, 30.09661732799941, 9.955378909999126, 21.9583891220027, 16.946582345000934, 20.216067624998686, 24.174515467002493, 25.494316657001036, 24.62849206199826, 20.023098849000235, 16.548182828999416, 20.80524339299882, 26.67249875700145, 18.072707762999926, 16.06670724599826, 20.64613266699962, 13.200824345000001, 20.198508481997123, 13.369118177997734, 14.65562147899982, 14.995498938998935, 7.808871486999124, 43.58398381200095, 17.094086176002747, 9.410931279999204, 4.072795500000211, 15.585992423999414, 32.13436345000082, 6.696691583001666, 14.817299556001672, 12.950565799998003, 12.70935238400125, 10.304312651001965, 56.16877464299978, 32.025649867999164, 18.73668856400036, 10.966997595001885, 18.967239285000687, 11.582224193000002, 23.72956798800078, 13.795861678001529, 6.262655654998525, 14.21077675700144, 24.57984137600215, 3.605778282999381, 121.53470316300081, 12.135360652999225, 11.73288308300107, 11.288922837000428, 14.849768965003022, 8.669119668000349, 13.258390053997573, 23.47623248399759, 76.14072520500122, 20.920268882997334, 10.596109768001043, 19.813709292000567, 31.88276930899883, 34.66499290600041, 41.38257430500016, 13.934283883998432, 9.74420002399711, 18.337220186000195, 50.328877388001274, 21.370993576998444, 11.358623902000545, 14.17923226199855, 10.211295624998456, 7.299790372999269, 111.77001902300253, 106.32021288200121, 9.132347883998591, 28.457667621001747, 7.993109506001929, 8.717364533000364, 13.526427284999954, 16.288098376997368, 5.609045991997846, 8.078870901998016, 59.083038148000924, 54.98621995099893, 33.33157276400016, 12.592946454999037, 24.631394927000656, 54.112084444001084, 12.71334265599944, 15.5618647170013, 79.86463069100137, 76.87935789499898, 75.29073409400007, 37.151825312001165, 47.44487247299912, 24.144221430997277, 137.4714772469997, 42.29086566400292, 66.7687982360003, 21.947437449998688, 19.400694856001792, 16.324948092998966, 18.852923663002002, 21.303363385999546, 17.785234915998444, 71.21126965099756, 55.99572127400097, 74.37130157200227, 63.911395703999005, 30.918826889999764, 15.345609085998149, 19.756292919999396, 46.019677092001075, 54.00895308800318, 59.89524516500023, 16.39929144800044, 17.602383644996735, 72.3423678598821, 88.02577188400028, 77.41453829499733, 79.02360698899793, 29.256859646997327, 74.1024851300026, 58.2246695319991, 94.74859961599941, 41.96805054400102, 57.32282830799886, 17.079522362997523, 37.27275572600047, 16.05135543900178, 15.08003796200137, 29.28139339200061, 21.21036993099915, 24.560877050000272, 39.62705744499908, 65.39334988100018, 79.29348933000074, 73.4491112029973, 69.76790470800188, 32.95002344099703, 15.989411421000113, 87.02342374699947, 108.39180907300033, 43.92204642800061, 32.10999479300153, 44.49988097300229, 40.24079056499977, 99.77093913299905, 29.685606678998738, 23.500900435999938, 14.741501977001462, 37.21983630899922, 62.6292224179997, 33.52504333100296, 45.62031492999813, 27.755641651998303, 19.050825459999032, 49.031367464998766, 60.66035511899827, 30.813076580001507, 72.33411010400232, 38.561673207997956, 64.73842118900211, 17.664539609999338, 30.97908423300032, 21.461716835001425, 36.56780052799877, 27.23619371300083, 14.934696057996916, 77.4092243289997, 25.50627222500043, 22.44833107500017, 38.81629756899929, 25.67155689199717, 45.53888507699958, 11.827561912999954, 19.32395609699961, 45.53837480600123, 132.5977118840019, 131.998363349001, 25.176741464998486, 17.089284020999912, 19.6059920459993, 20.174340794001182, 25.58587212999919, 20.45057050899777, 22.426568582999607, 19.670450109999365, 22.065553279997403, 23.56698779100043, 18.772376207998605, 11.942661302000488, 13.685960680002609, 22.305201494000357, 16.820928798999375, 15.203150003999326, 17.510933641999145, 16.734401085999707, 13.71961007599748, 19.486652873998537, 25.27008086600108, 20.00432330699914, 22.608697162999306, 20.46150108800066, 14.854569690000062, 18.504909556999337, 23.031906617998175, 22.804597311998805, 19.57285452799988, 19.626976614999876, 18.43597613300153, 14.466726900998765, 21.702516335000837, 32.277647967999656, 91.92839340100181, 11.213041064998833, 95.7357695669998, 28.765139479000936, 52.35810467999909, 29.386533955999766, 14.331631801000185, 41.82161256700056, 28.305183955999382, 117.13165912800105, 36.785490653001034, 23.312826847002725, 33.26896125300118, 44.0189100969983, 20.371737189998385, 22.845375732998946, 34.95981567000126, 60.11515399699783, 30.770704095000838, 21.784450415998435, 52.15103893700143, 22.674225925999053, 55.221074961998966, 30.00883612299731, 20.29606941500242, 24.398679390000325, 15.984843342001113, 22.859719396998116, 45.06491713500145, 83.30705288800164, 113.39613974500026, 66.05215751499782]