5.5766212940216064
49.431676626205444
62.91745376586914
8.073198080062866
4.631914854049683
4.471042633056641
4.261613607406616
48.81535983085632
50.768651247024536
13.671471357345581
3.2738521099090576
50.2672803401947
12.990292072296143
14.137304544448853
30.03409481048584
28.203975439071655
30.486103773117065
4.632807493209839
5.56635594367981
5.138898849487305
8.82515573501587
11.503139972686768
5.31442403793335
5.698760986328125
8.081507444381714
5.00505256652832
6.884362697601318
4.224146127700806
7.443204641342163
5.03470516204834
4.9504804611206055
5.256185054779053
5.7044007778167725
4.133090019226074
5.5574517250061035
4.087796688079834
4.242627859115601
4.88634181022644
4.515584468841553
8.385091781616211
4.241406440734863
4.194687366485596
6.306247234344482
6.126075744628906
4.176801681518555
8.966116905212402
4.732312202453613
5.949050664901733
4.536980867385864
17.24611783027649
10.664289474487305
9.083253622055054
9.634526014328003
16.359655380249023
4.753452777862549
24.717771291732788
10.476241827011108
3.193373680114746
21.806224584579468
38.122597217559814
662.8536121845245
18.861777782440186
17.67531681060791
6.755552530288696
11.587786197662354
9.815119981765747
25.72066831588745
16.909860610961914
12.320080995559692
61.9757719039917
51.08627510070801
3.5504860877990723
9.705941915512085
5.015766859054565
9.810135841369629
46.34544825553894
34.69543957710266
10.227935075759888
6.317007541656494
3.7109858989715576
12.550004005432129
8.094253778457642
11.064628601074219
7.403467178344727
11.772425889968872
11.24941110610962
10.527531862258911
13.980668544769287
16.560561656951904
12.500091791152954
10.919836044311523
8.244935989379883
10.246375322341919
7.426378488540649
9.075518131256104
24.473097562789917
12.955154657363892
8.534510612487793
21.660632610321045
8.274746179580688
4.938733816146851
5.797767162322998
7.046913146972656
6.361849308013916
4.535152196884155
251.142347574234
37.330471992492676
14.18885087966919
7.874086141586304
14.416435480117798
6.1206676959991455
16.30743145942688
16.477099895477295
15.263987302780151
4.7068634033203125
152.84164667129517
67.55410814285278
113.72632908821106
9.498906135559082
5.291574239730835
24.343977212905884
10.80214548110962
13.469123125076294
7.1788365840911865
10.127028703689575
37.04477596282959
11.339684009552002
24.958405017852783
25.68125629425049
119.92571115493774
5.646233320236206
13.027265787124634
6.245906591415405
15.295653581619263
9.790887594223022
4.4823572635650635
5.262481689453125
41.73414659500122
17.231066703796387
8.162706851959229
5.167853355407715
6.295568227767944
5.844691038131714
4.780940771102905
7.02324104309082
4.263549566268921
5.474626779556274
5.252199411392212
6.657567501068115
3.731383800506592
4.354036331176758
5.213943719863892
5.257239103317261
5.6468610763549805
7.902392387390137
4.873983860015869
5.318975210189819
8.22179365158081
17.06167483329773
8.694712400436401
9.893035411834717
4.243102312088013
6.169881343841553
40.148820877075195
8.211254358291626
5.156501770019531
9.978788375854492
17.709107637405396
4.991415739059448
101.59169745445251
36.18748927116394
143.3561975955963
9.53191089630127
14.237877130508423
15.703916549682617
9.201979637145996
14.89997386932373
8.691032648086548
5.397956371307373
7.471447467803955
7.552245378494263
4.846591234207153
45.37903904914856
27.39263153076172
30.23866558074951
7.745172739028931
20.761373043060303
7.080077648162842
15.75328516960144
11.515407800674438
3.513559579849243
9.034963369369507
9.264692783355713
8.819510698318481
10.455546617507935
53.646727561950684
5.301039934158325
18.203150272369385
11.022171258926392
19.332367181777954
24.96455430984497
11.942843914031982
8.754112243652344
34.049113273620605
10.04962968826294
5.485741853713989
12.016963720321655
10.492765665054321
7.883737802505493
12.266167402267456
13.157143831253052
16.527125358581543
8.968337535858154
3.7487430572509766
8.828624248504639
9.727126121520996
9.353092193603516
9.01405644416809
8.657660007476807
13.578376531600952
8.159642457962036
11.907898664474487
7.911356210708618
16.773651123046875
5.66044545173645
5.707112550735474
10.421407699584961
47.56045937538147
6.042796611785889
6.257697582244873
12.45003366470337
18.55466318130493
12.170487403869629
6.159136772155762
15.579667806625366
15.774083375930786
21.251394033432007
18.346420764923096
8.461246490478516
6.470250606536865
12.09449315071106
11.828617811203003
14.17206859588623
6.77510404586792
15.301093816757202
38.753864765167236
41.82205581665039
23.57156229019165
31.742737770080566
17.976301431655884
21.161349058151245
14.082476377487183
4.220546007156372
24.822322845458984
8.116338729858398
16.30755066871643
11.134421110153198
43.713539600372314
11.265937089920044
10.096629619598389
10.536948680877686
13.503172397613525
10.572349786758423
9.299448251724243
11.701466798782349
16.721107244491577
13.993291139602661
7.402156591415405
8.56806230545044
15.810957193374634
14.141407012939453
16.813778162002563
18.3416531085968
14.70162844657898
17.574402332305908
13.21854043006897
17.246002197265625
17.363219261169434
12.529403924942017
12.408077001571655
15.26033353805542
11.433599710464478
10.86656379699707
12.500869750976562
14.542977333068848
12.827808618545532
16.644645929336548
8.73500943183899
6.2526490688323975
46.01721954345703
9.471935510635376
6.621819972991943
18.99228596687317
27.591583013534546
21.2280490398407
18.528879642486572
16.539432287216187
24.263359546661377
19.361069202423096
36.943522691726685
44.77629637718201
44.01964807510376
35.05534887313843
21.709475994110107
41.99455976486206
45.6588191986084
36.020703077316284
35.76508641242981
48.543094635009766
44.45268416404724
27.153900861740112
21.7287437915802
32.07132530212402
22.33576512336731
29.567871570587158
14.651193141937256
20.756750345230103
24.249025344848633
30.68411684036255
51.19252014160156
30.233561515808105
14.082668781280518
31.603118896484375
14.242418766021729
18.967398166656494
9.056876420974731
16.78976011276245
8.185866355895996
5.99513578414917
6.663614273071289
31.333208560943604
25.14885663986206
4.797898769378662
143.9606854915619
70.12759160995483
18.735376834869385
16.95739245414734
45.44604992866516
18.207730054855347
15.963924407958984
36.91484498977661
31.86327314376831
7.702078580856323
41.61648869514465
16.59766173362732
92.84214806556702
25.79955005645752
59.850642681121826
37.30460214614868
29.068995714187622
50.13975691795349
46.321922302246094
9.144390344619751
10.11326813697815
5.52344012260437
17.681448221206665
24.65627932548523
36.619017362594604
23.412445068359375
5.326265335083008
6.827017784118652
8.829851150512695
6.22302770614624
10.301354169845581
20.862248182296753
18.21928381919861
41.91957974433899
24.775825023651123
13.331481695175171
17.029160499572754
145.9521768093109
35.51693391799927
39.0397527217865
15.70362663269043
27.59302806854248
37.05433964729309
14.921032428741455
11.326828002929688
13.896190643310547
26.783892393112183
19.810648202896118
6.200658559799194
22.109076499938965
6.238627910614014
11.233605146408081
5.329864263534546
10.538923263549805
15.586283683776855
8.608329057693481
23.409507036209106
18.40925431251526
67.61306428909302
18.201420545578003
13.538679599761963
3.0158348083496094
22.509419679641724
22.143330335617065
26.928226947784424
5.842416286468506
17.155266284942627
25.901769638061523
10.095457792282104
3.4383790493011475
6.897608995437622
11.604201793670654
15.594914436340332
9.99267292022705
5.644935369491577
9.249145746231079
119.17803645133972
7.194281816482544
93.94245529174805
54.695411682128906
59.358519315719604
11.372151136398315
13.62495493888855
36.411126375198364
128.62956857681274
25.637930631637573
13.30338168144226
7.12581992149353
18.934273719787598
8.727285146713257
5.785687446594238
8.118296146392822
36.1348991394043
12.678595304489136
5.298919916152954
5.751115083694458
8.91353154182434
5.306916236877441
5.346850872039795
9.355509281158447
5.774171352386475
7.021443843841553
15.154035568237305
9.104774236679077
66.01078963279724
69.3897271156311
118.48098587989807
84.40540051460266
73.55167365074158
34.54192924499512
67.70173645019531
61.929367542266846
24.911514043807983
3.352269411087036
6.999242067337036
16.903674840927124
8.047107458114624
11.169557332992554
17.09925365447998
8.919217824935913
12.90246868133545
4.357767105102539
3.8369007110595703
58.15903949737549
44.31076216697693
5.461989641189575
14.259179830551147
7.435534238815308
15.263344764709473
7.367372035980225
15.986827850341797
15.748880386352539
8.656288862228394
7.733343124389648
7.629854440689087
22.60609459877014
13.659457921981812
13.53945279121399
12.796097993850708
7.851394176483154
8.734067440032959
6.197941780090332
7.234209775924683
19.00519108772278
8.233388185501099
11.17993974685669
141.42417573928833
49.81860613822937
28.948854207992554
26.2567617893219
23.961962461471558
14.3188955783844
25.608209371566772
3.382499933242798
11.340841054916382
17.88799476623535
6.606341600418091
9.41978931427002
4.725841283798218
8.488643407821655
11.064209222793579
10.331407308578491
7.437389612197876
11.709103345870972
6.005870819091797
21.021554231643677
9.771549940109253
9.384055376052856
38.167399644851685
52.67593002319336
12.719710350036621
4.18001127243042
8.004303216934204
7.9574713706970215
12.143277406692505
9.040255784988403
4.688368558883667
10.96125078201294
3.2370665073394775
6.256370306015015
12.80873990058899
15.757813930511475
31.629042387008667
49.960294008255005
37.101126194000244
3.1161441802978516
26.455182313919067
12.160049438476562
27.391633987426758
16.42244791984558
24.97601008415222
8.166592121124268
8.650827884674072
5.58426570892334
13.049484491348267
6.777259588241577
11.527684450149536
11.27501368522644
8.24251413345337
59.224435329437256
4.816263675689697
6.131402254104614
12.194139242172241
7.5515923500061035
4.6384923458099365
3.3937878608703613
18.12168574333191
8.750027656555176
4.334909439086914
23.53162693977356
225.67169189453125
48.92723608016968
6.46105170249939
18.616640329360962
3.4155428409576416
4.663359642028809
29.955077409744263
17.277716159820557
14.589040517807007
14.886538743972778
12.896666049957275
31.285140991210938
3.3858296871185303
6.429344177246094
29.254177808761597
13.976027965545654
33.83830499649048
27.99655532836914
23.651626348495483
30.83760976791382
27.04091215133667
39.309754610061646
27.1407527923584
30.489256143569946
23.52565860748291
308.7182252407074
12.146125793457031
39.97849631309509
18.883992433547974
224.82715010643005
70.02288866043091
87.16940832138062
18.287152767181396
10.282072305679321
3.056954860687256
8.926326274871826
10.071352481842041
5.370056867599487
7.450571537017822
13.768921613693237
116.26903986930847
36.10654926300049
24.0488178730011
10.875650644302368
27.770195960998535
11.388279676437378
7.262143611907959
5.964858293533325
11.684645891189575
11.573219537734985
5.497992038726807
4.793041467666626
18.02597212791443
6.3897624015808105
10.837326288223267
44.57453441619873
20.292764902114868
13.435460329055786
4.81420111656189
8.613362789154053
4.562920093536377
6.202789306640625
10.665579557418823
5.800175666809082
7.237437963485718
63.11557626724243
10.6930992603302
7.61553692817688
9.070886373519897
11.42266845703125
7.966854095458984
21.195772409439087
4.766385793685913
11.42609715461731
7.02765154838562
6.8931779861450195
9.74046277999878
7.2833263874053955
14.308467149734497
60.8760244846344
18.112645626068115
113.67462992668152
33.17684626579285
13.070590734481812
6.829759120941162
19.273972034454346
22.58961844444275
10.203317880630493
9.137498617172241
10.553173780441284
5.762252569198608
64.4741723537445
16.431556224822998
25.486358404159546
24.77237105369568
8.035596132278442
4.658149003982544
10.089925289154053
16.944555282592773
21.250677824020386
8.88051152229309
7.178293466567993
37.36708354949951
3.3170619010925293
2.98766827583313
11.271786212921143
10.502318859100342
5.008274793624878
5.324662208557129
5.7140607833862305
9.92309832572937
3.056267023086548
10.7933509349823
5.361809730529785
5.458488702774048
6.971879720687866
3.563056468963623
5.963601350784302
4.986188650131226
2.8358194828033447
10.486610412597656
14.544572830200195
15.05759572982788
12.113488912582397
10.38663125038147
35.265366315841675
5.4318835735321045
10.778397560119629
5.9887707233428955
7.224371910095215
11.08549451828003
11.404876708984375
8.072686672210693
3.6829307079315186
2.7423155307769775
13.430848836898804
10.118311166763306
13.573768854141235
51.52476906776428
37.675901889801025
156.6267671585083
51.009374141693115
17.936497688293457
8.460379838943481
8.571159601211548
4.875857591629028
10.04466986656189
7.8839404582977295
5.8227221965789795
6.232407808303833
7.07878565788269
6.682316303253174
7.577692985534668
5.532637357711792
13.906141519546509
6.410350799560547
10.13520336151123
6.697392702102661
5.2555787563323975
14.304025650024414
4.779604196548462
5.292530298233032
8.596705198287964
13.990745782852173
8.01751184463501
7.267046689987183
10.229039669036865
7.812106370925903
7.841147422790527
9.388199806213379
8.370373249053955
6.8346991539001465
9.520853519439697
8.141162157058716
6.420612335205078
5.989008665084839
4.280746221542358
9.597936153411865
16.144298315048218
6.508094310760498
7.5214879512786865
5.743117332458496
5.530502080917358
5.988507270812988
16.872050523757935
14.090716361999512
10.021992206573486
33.85113334655762
8.02716064453125
8.708513021469116
9.575403928756714
6.992857217788696
3.4757449626922607
6.964275121688843
5.2751078605651855
2.803954601287842
3.176407814025879
13.404013395309448
6.174613952636719
73.43490529060364
20.046545267105103
16.706039667129517
8.029990673065186
7.575531005859375
7.1189351081848145
31.05254030227661
13.516827583312988
9.095628023147583
7.123979330062866
17.377200603485107
9.844461679458618
14.37893557548523
20.49733829498291
18.25968027114868
102.51168537139893
25.910725831985474
13.043702363967896
18.363348245620728
10.179119110107422
12.597587823867798
17.559016227722168
20.9467875957489
15.032116413116455
10.951218843460083
10.003888130187988
11.055396318435669
21.619303703308105
16.640384674072266
12.315167665481567
10.550343036651611
6.931329727172852
11.031879186630249
11.190683126449585
14.540909051895142
10.397790908813477
5.509530067443848
35.419283390045166
21.73462414741516
6.334618091583252
3.327389717102051
11.855952024459839
30.019343376159668
5.738266944885254
10.995816946029663
9.113765716552734
12.269544839859009
8.407793760299683
63.269737243652344
30.136733293533325
15.113816499710083
22.664273262023926
14.395771503448486
6.989434719085693
14.357017755508423
9.808409214019775
3.995479106903076
11.885345458984375
17.97794461250305
2.8856916427612305
128.2596573829651
16.56855344772339
7.146902322769165
5.95576548576355
10.24632740020752
4.245380163192749
8.188655138015747
16.889995098114014
99.41106700897217
21.116392374038696
8.29722547531128
17.941037893295288
34.03613758087158
42.322999477386475
21.37541437149048
12.461091995239258
8.919108152389526
12.669660806655884
44.14106750488281
19.535277366638184
10.394931316375732
12.184252262115479
7.550270080566406
4.3106608390808105
86.02219748497009
76.64623069763184
8.88471245765686
35.18297743797302
7.752289295196533
5.843236446380615
14.516107559204102
17.542328596115112
3.3294425010681152
5.538042068481445
69.69924998283386
62.547377824783325
43.170469999313354
12.842779874801636
24.406362056732178
58.24149703979492
18.236244440078735
14.274108409881592
94.59007740020752
102.05365800857544
99.70832443237305
48.22822070121765
54.442930936813354
33.43353867530823
156.34490776062012
55.72759652137756
89.50981521606445
35.0255823135376
27.821067333221436
23.430336713790894
27.65666174888611
25.3451030254364
26.574286937713623
77.43289375305176
66.56231546401978
94.36380290985107
72.78665328025818
33.6664605140686
13.796265840530396
17.09293222427368
43.58936047554016
65.13405656814575
68.92784881591797
16.498218059539795
22.59244394302368
32.94234297820155   
118.4953715801239
86.69031023979187
93.49259042739868
29.981725931167603
99.2134530544281
76.11291742324829
105.11529445648193
52.75652027130127
74.06031107902527
27.048425912857056
42.69137930870056
23.212443590164185
18.34827208518982
39.497366428375244
29.87161874771118
30.07277822494507
46.907530307769775
71.66379308700562
89.55048394203186
81.4826979637146
81.95507907867432
30.7137393951416
12.619930028915405
82.47612595558167
117.12230205535889
51.23169708251953
36.75425839424133
50.03615856170654
44.45237469673157
105.6790668964386
39.69304299354553
36.48908543586731
11.91659688949585
39.75140953063965
69.44560980796814
34.891045570373535
46.30328965187073
29.60226535797119
20.43016529083252
50.7419319152832
72.2628436088562
41.36133813858032
73.45842432975769
36.87425208091736
71.53405404090881
17.231069087982178
36.67852973937988
17.110033750534058
28.329047679901123
15.586958169937134
12.52053689956665
74.24040269851685
21.119388818740845
18.069274187088013
49.96016526222229
28.345902681350708
47.3250994682312
8.357976198196411
22.144691705703735
42.36096429824829
166.82669043540955
154.72024488449097
46.843097448349
18.952752113342285
20.86773943901062
20.948482513427734
36.24452066421509
24.127638578414917
22.124541997909546
26.861931800842285
27.868897199630737
21.169896602630615
16.432294607162476
9.811506509780884
13.975905418395996
22.77125573158264
15.476832389831543
14.611036777496338
13.732303380966187
12.9003427028656
11.438052415847778
31.91333246231079
25.828800201416016
22.17170286178589
26.20426344871521
21.85404682159424
12.907794713973999
18.913438081741333
18.030410289764404
22.960851430892944
21.01843237876892
17.450472831726074
17.48909020423889
14.698577404022217
18.587825536727905
41.64024615287781
75.33999347686768
11.361832618713379
118.78086423873901
35.32016348838806
56.04856467247009
25.764029502868652
17.11835741996765
40.98006629943848
23.39955973625183
127.36301708221436
42.19867014884949
29.7032208442688
33.33556842803955
38.900450229644775
15.47538948059082
45.25402808189392
83.36532092094421
85.14482498168945
53.27077889442444
42.07724070549011
77.73091626167297
41.00134038925171
79.70499348640442
50.09945487976074
32.304141998291016
56.773449420928955
38.17311668395996
38.62253737449646
65.6750099658966
109.22302389144897
139.17623710632324
68.35166335105896
18.314783811569214

[5.5766212940216064, 49.431676626205444, 62.91745376586914, 8.073198080062866, 4.631914854049683, 4.471042633056641, 4.261613607406616, 48.81535983085632, 50.768651247024536, 13.671471357345581, 3.2738521099090576, 50.2672803401947, 12.990292072296143, 14.137304544448853, 30.03409481048584, 28.203975439071655, 30.486103773117065, 4.632807493209839, 5.56635594367981, 5.138898849487305, 8.82515573501587, 11.503139972686768, 5.31442403793335, 5.698760986328125, 8.081507444381714, 5.00505256652832, 6.884362697601318, 4.224146127700806, 7.443204641342163, 5.03470516204834, 4.9504804611206055, 5.256185054779053, 5.7044007778167725, 4.133090019226074, 5.5574517250061035, 4.087796688079834, 4.242627859115601, 4.88634181022644, 4.515584468841553, 8.385091781616211, 4.241406440734863, 4.194687366485596, 6.306247234344482, 6.126075744628906, 4.176801681518555, 8.966116905212402, 4.732312202453613, 5.949050664901733, 4.536980867385864, 17.24611783027649, 10.664289474487305, 9.083253622055054, 9.634526014328003, 16.359655380249023, 4.753452777862549, 24.717771291732788, 10.476241827011108, 3.193373680114746, 21.806224584579468, 38.122597217559814, 662.8536121845245, 18.861777782440186, 17.67531681060791, 6.755552530288696, 11.587786197662354, 9.815119981765747, 25.72066831588745, 16.909860610961914, 12.320080995559692, 61.9757719039917, 51.08627510070801, 3.5504860877990723, 9.705941915512085, 5.015766859054565, 9.810135841369629, 46.34544825553894, 34.69543957710266, 10.227935075759888, 6.317007541656494, 3.7109858989715576, 12.550004005432129, 8.094253778457642, 11.064628601074219, 7.403467178344727, 11.772425889968872, 11.24941110610962, 10.527531862258911, 13.980668544769287, 16.560561656951904, 12.500091791152954, 10.919836044311523, 8.244935989379883, 10.246375322341919, 7.426378488540649, 9.075518131256104, 24.473097562789917, 12.955154657363892, 8.534510612487793, 21.660632610321045, 8.274746179580688, 4.938733816146851, 5.797767162322998, 7.046913146972656, 6.361849308013916, 4.535152196884155, 251.142347574234, 37.330471992492676, 14.18885087966919, 7.874086141586304, 14.416435480117798, 6.1206676959991455, 16.30743145942688, 16.477099895477295, 15.263987302780151, 4.7068634033203125, 152.84164667129517, 67.55410814285278, 113.72632908821106, 9.498906135559082, 5.291574239730835, 24.343977212905884, 10.80214548110962, 13.469123125076294, 7.1788365840911865, 10.127028703689575, 37.04477596282959, 11.339684009552002, 24.958405017852783, 25.68125629425049, 119.92571115493774, 5.646233320236206, 13.027265787124634, 6.245906591415405, 15.295653581619263, 9.790887594223022, 4.4823572635650635, 5.262481689453125, 41.73414659500122, 17.231066703796387, 8.162706851959229, 5.167853355407715, 6.295568227767944, 5.844691038131714, 4.780940771102905, 7.02324104309082, 4.263549566268921, 5.474626779556274, 5.252199411392212, 6.657567501068115, 3.731383800506592, 4.354036331176758, 5.213943719863892, 5.257239103317261, 5.6468610763549805, 7.902392387390137, 4.873983860015869, 5.318975210189819, 8.22179365158081, 17.06167483329773, 8.694712400436401, 9.893035411834717, 4.243102312088013, 6.169881343841553, 40.148820877075195, 8.211254358291626, 5.156501770019531, 9.978788375854492, 17.709107637405396, 4.991415739059448, 101.59169745445251, 36.18748927116394, 143.3561975955963, 9.53191089630127, 14.237877130508423, 15.703916549682617, 9.201979637145996, 14.89997386932373, 8.691032648086548, 5.397956371307373, 7.471447467803955, 7.552245378494263, 4.846591234207153, 45.37903904914856, 27.39263153076172, 30.23866558074951, 7.745172739028931, 20.761373043060303, 7.080077648162842, 15.75328516960144, 11.515407800674438, 3.513559579849243, 9.034963369369507, 9.264692783355713, 8.819510698318481, 10.455546617507935, 53.646727561950684, 5.301039934158325, 18.203150272369385, 11.022171258926392, 19.332367181777954, 24.96455430984497, 11.942843914031982, 8.754112243652344, 34.049113273620605, 10.04962968826294, 5.485741853713989, 12.016963720321655, 10.492765665054321, 7.883737802505493, 12.266167402267456, 13.157143831253052, 16.527125358581543, 8.968337535858154, 3.7487430572509766, 8.828624248504639, 9.727126121520996, 9.353092193603516, 9.01405644416809, 8.657660007476807, 13.578376531600952, 8.159642457962036, 11.907898664474487, 7.911356210708618, 16.773651123046875, 5.66044545173645, 5.707112550735474, 10.421407699584961, 47.56045937538147, 6.042796611785889, 6.257697582244873, 12.45003366470337, 18.55466318130493, 12.170487403869629, 6.159136772155762, 15.579667806625366, 15.774083375930786, 21.251394033432007, 18.346420764923096, 8.461246490478516, 6.470250606536865, 12.09449315071106, 11.828617811203003, 14.17206859588623, 6.77510404586792, 15.301093816757202, 38.753864765167236, 41.82205581665039, 23.57156229019165, 31.742737770080566, 17.976301431655884, 21.161349058151245, 14.082476377487183, 4.220546007156372, 24.822322845458984, 8.116338729858398, 16.30755066871643, 11.134421110153198, 43.713539600372314, 11.265937089920044, 10.096629619598389, 10.536948680877686, 13.503172397613525, 10.572349786758423, 9.299448251724243, 11.701466798782349, 16.721107244491577, 13.993291139602661, 7.402156591415405, 8.56806230545044, 15.810957193374634, 14.141407012939453, 16.813778162002563, 18.3416531085968, 14.70162844657898, 17.574402332305908, 13.21854043006897, 17.246002197265625, 17.363219261169434, 12.529403924942017, 12.408077001571655, 15.26033353805542, 11.433599710464478, 10.86656379699707, 12.500869750976562, 14.542977333068848, 12.827808618545532, 16.644645929336548, 8.73500943183899, 6.2526490688323975, 46.01721954345703, 9.471935510635376, 6.621819972991943, 18.99228596687317, 27.591583013534546, 21.2280490398407, 18.528879642486572, 16.539432287216187, 24.263359546661377, 19.361069202423096, 36.943522691726685, 44.77629637718201, 44.01964807510376, 35.05534887313843, 21.709475994110107, 41.99455976486206, 45.6588191986084, 36.020703077316284, 35.76508641242981, 48.543094635009766, 44.45268416404724, 27.153900861740112, 21.7287437915802, 32.07132530212402, 22.33576512336731, 29.567871570587158, 14.651193141937256, 20.756750345230103, 24.249025344848633, 30.68411684036255, 51.19252014160156, 30.233561515808105, 14.082668781280518, 31.603118896484375, 14.242418766021729, 18.967398166656494, 9.056876420974731, 16.78976011276245, 8.185866355895996, 5.99513578414917, 6.663614273071289, 31.333208560943604, 25.14885663986206, 4.797898769378662, 143.9606854915619, 70.12759160995483, 18.735376834869385, 16.95739245414734, 45.44604992866516, 18.207730054855347, 15.963924407958984, 36.91484498977661, 31.86327314376831, 7.702078580856323, 41.61648869514465, 16.59766173362732, 92.84214806556702, 25.79955005645752, 59.850642681121826, 37.30460214614868, 29.068995714187622, 50.13975691795349, 46.321922302246094, 9.144390344619751, 10.11326813697815, 5.52344012260437, 17.681448221206665, 24.65627932548523, 36.619017362594604, 23.412445068359375, 5.326265335083008, 6.827017784118652, 8.829851150512695, 6.22302770614624, 10.301354169845581, 20.862248182296753, 18.21928381919861, 41.91957974433899, 24.775825023651123, 13.331481695175171, 17.029160499572754, 145.9521768093109, 35.51693391799927, 39.0397527217865, 15.70362663269043, 27.59302806854248, 37.05433964729309, 14.921032428741455, 11.326828002929688, 13.896190643310547, 26.783892393112183, 19.810648202896118, 6.200658559799194, 22.109076499938965, 6.238627910614014, 11.233605146408081, 5.329864263534546, 10.538923263549805, 15.586283683776855, 8.608329057693481, 23.409507036209106, 18.40925431251526, 67.61306428909302, 18.201420545578003, 13.538679599761963, 3.0158348083496094, 22.509419679641724, 22.143330335617065, 26.928226947784424, 5.842416286468506, 17.155266284942627, 25.901769638061523, 10.095457792282104, 3.4383790493011475, 6.897608995437622, 11.604201793670654, 15.594914436340332, 9.99267292022705, 5.644935369491577, 9.249145746231079, 119.17803645133972, 7.194281816482544, 93.94245529174805, 54.695411682128906, 59.358519315719604, 11.372151136398315, 13.62495493888855, 36.411126375198364, 128.62956857681274, 25.637930631637573, 13.30338168144226, 7.12581992149353, 18.934273719787598, 8.727285146713257, 5.785687446594238, 8.118296146392822, 36.1348991394043, 12.678595304489136, 5.298919916152954, 5.751115083694458, 8.91353154182434, 5.306916236877441, 5.346850872039795, 9.355509281158447, 5.774171352386475, 7.021443843841553, 15.154035568237305, 9.104774236679077, 66.01078963279724, 69.3897271156311, 118.48098587989807, 84.40540051460266, 73.55167365074158, 34.54192924499512, 67.70173645019531, 61.929367542266846, 24.911514043807983, 3.352269411087036, 6.999242067337036, 16.903674840927124, 8.047107458114624, 11.169557332992554, 17.09925365447998, 8.919217824935913, 12.90246868133545, 4.357767105102539, 3.8369007110595703, 58.15903949737549, 44.31076216697693, 5.461989641189575, 14.259179830551147, 7.435534238815308, 15.263344764709473, 7.367372035980225, 15.986827850341797, 15.748880386352539, 8.656288862228394, 7.733343124389648, 7.629854440689087, 22.60609459877014, 13.659457921981812, 13.53945279121399, 12.796097993850708, 7.851394176483154, 8.734067440032959, 6.197941780090332, 7.234209775924683, 19.00519108772278, 8.233388185501099, 11.17993974685669, 141.42417573928833, 49.81860613822937, 28.948854207992554, 26.2567617893219, 23.961962461471558, 14.3188955783844, 25.608209371566772, 3.382499933242798, 11.340841054916382, 17.88799476623535, 6.606341600418091, 9.41978931427002, 4.725841283798218, 8.488643407821655, 11.064209222793579, 10.331407308578491, 7.437389612197876, 11.709103345870972, 6.005870819091797, 21.021554231643677, 9.771549940109253, 9.384055376052856, 38.167399644851685, 52.67593002319336, 12.719710350036621, 4.18001127243042, 8.004303216934204, 7.9574713706970215, 12.143277406692505, 9.040255784988403, 4.688368558883667, 10.96125078201294, 3.2370665073394775, 6.256370306015015, 12.80873990058899, 15.757813930511475, 31.629042387008667, 49.960294008255005, 37.101126194000244, 3.1161441802978516, 26.455182313919067, 12.160049438476562, 27.391633987426758, 16.42244791984558, 24.97601008415222, 8.166592121124268, 8.650827884674072, 5.58426570892334, 13.049484491348267, 6.777259588241577, 11.527684450149536, 11.27501368522644, 8.24251413345337, 59.224435329437256, 4.816263675689697, 6.131402254104614, 12.194139242172241, 7.5515923500061035, 4.6384923458099365, 3.3937878608703613, 18.12168574333191, 8.750027656555176, 4.334909439086914, 23.53162693977356, 225.67169189453125, 48.92723608016968, 6.46105170249939, 18.616640329360962, 3.4155428409576416, 4.663359642028809, 29.955077409744263, 17.277716159820557, 14.589040517807007, 14.886538743972778, 12.896666049957275, 31.285140991210938, 3.3858296871185303, 6.429344177246094, 29.254177808761597, 13.976027965545654, 33.83830499649048, 27.99655532836914, 23.651626348495483, 30.83760976791382, 27.04091215133667, 39.309754610061646, 27.1407527923584, 30.489256143569946, 23.52565860748291, 308.7182252407074, 12.146125793457031, 39.97849631309509, 18.883992433547974, 224.82715010643005, 70.02288866043091, 87.16940832138062, 18.287152767181396, 10.282072305679321, 3.056954860687256, 8.926326274871826, 10.071352481842041, 5.370056867599487, 7.450571537017822, 13.768921613693237, 116.26903986930847, 36.10654926300049, 24.0488178730011, 10.875650644302368, 27.770195960998535, 11.388279676437378, 7.262143611907959, 5.964858293533325, 11.684645891189575, 11.573219537734985, 5.497992038726807, 4.793041467666626, 18.02597212791443, 6.3897624015808105, 10.837326288223267, 44.57453441619873, 20.292764902114868, 13.435460329055786, 4.81420111656189, 8.613362789154053, 4.562920093536377, 6.202789306640625, 10.665579557418823, 5.800175666809082, 7.237437963485718, 63.11557626724243, 10.6930992603302, 7.61553692817688, 9.070886373519897, 11.42266845703125, 7.966854095458984, 21.195772409439087, 4.766385793685913, 11.42609715461731, 7.02765154838562, 6.8931779861450195, 9.74046277999878, 7.2833263874053955, 14.308467149734497, 60.8760244846344, 18.112645626068115, 113.67462992668152, 33.17684626579285, 13.070590734481812, 6.829759120941162, 19.273972034454346, 22.58961844444275, 10.203317880630493, 9.137498617172241, 10.553173780441284, 5.762252569198608, 64.4741723537445, 16.431556224822998, 25.486358404159546, 24.77237105369568, 8.035596132278442, 4.658149003982544, 10.089925289154053, 16.944555282592773, 21.250677824020386, 8.88051152229309, 7.178293466567993, 37.36708354949951, 3.3170619010925293, 2.98766827583313, 11.271786212921143, 10.502318859100342, 5.008274793624878, 5.324662208557129, 5.7140607833862305, 9.92309832572937, 3.056267023086548, 10.7933509349823, 5.361809730529785, 5.458488702774048, 6.971879720687866, 3.563056468963623, 5.963601350784302, 4.986188650131226, 2.8358194828033447, 10.486610412597656, 14.544572830200195, 15.05759572982788, 12.113488912582397, 10.38663125038147, 35.265366315841675, 5.4318835735321045, 10.778397560119629, 5.9887707233428955, 7.224371910095215, 11.08549451828003, 11.404876708984375, 8.072686672210693, 3.6829307079315186, 2.7423155307769775, 13.430848836898804, 10.118311166763306, 13.573768854141235, 51.52476906776428, 37.675901889801025, 156.6267671585083, 51.009374141693115, 17.936497688293457, 8.460379838943481, 8.571159601211548, 4.875857591629028, 10.04466986656189, 7.8839404582977295, 5.8227221965789795, 6.232407808303833, 7.07878565788269, 6.682316303253174, 7.577692985534668, 5.532637357711792, 13.906141519546509, 6.410350799560547, 10.13520336151123, 6.697392702102661, 5.2555787563323975, 14.304025650024414, 4.779604196548462, 5.292530298233032, 8.596705198287964, 13.990745782852173, 8.01751184463501, 7.267046689987183, 10.229039669036865, 7.812106370925903, 7.841147422790527, 9.388199806213379, 8.370373249053955, 6.8346991539001465, 9.520853519439697, 8.141162157058716, 6.420612335205078, 5.989008665084839, 4.280746221542358, 9.597936153411865, 16.144298315048218, 6.508094310760498, 7.5214879512786865, 5.743117332458496, 5.530502080917358, 5.988507270812988, 16.872050523757935, 14.090716361999512, 10.021992206573486, 33.85113334655762, 8.02716064453125, 8.708513021469116, 9.575403928756714, 6.992857217788696, 3.4757449626922607, 6.964275121688843, 5.2751078605651855, 2.803954601287842, 3.176407814025879, 13.404013395309448, 6.174613952636719, 73.43490529060364, 20.046545267105103, 16.706039667129517, 8.029990673065186, 7.575531005859375, 7.1189351081848145, 31.05254030227661, 13.516827583312988, 9.095628023147583, 7.123979330062866, 17.377200603485107, 9.844461679458618, 14.37893557548523, 20.49733829498291, 18.25968027114868, 102.51168537139893, 25.910725831985474, 13.043702363967896, 18.363348245620728, 10.179119110107422, 12.597587823867798, 17.559016227722168, 20.9467875957489, 15.032116413116455, 10.951218843460083, 10.003888130187988, 11.055396318435669, 21.619303703308105, 16.640384674072266, 12.315167665481567, 10.550343036651611, 6.931329727172852, 11.031879186630249, 11.190683126449585, 14.540909051895142, 10.397790908813477, 5.509530067443848, 35.419283390045166, 21.73462414741516, 6.334618091583252, 3.327389717102051, 11.855952024459839, 30.019343376159668, 5.738266944885254, 10.995816946029663, 9.113765716552734, 12.269544839859009, 8.407793760299683, 63.269737243652344, 30.136733293533325, 15.113816499710083, 22.664273262023926, 14.395771503448486, 6.989434719085693, 14.357017755508423, 9.808409214019775, 3.995479106903076, 11.885345458984375, 17.97794461250305, 2.8856916427612305, 128.2596573829651, 16.56855344772339, 7.146902322769165, 5.95576548576355, 10.24632740020752, 4.245380163192749, 8.188655138015747, 16.889995098114014, 99.41106700897217, 21.116392374038696, 8.29722547531128, 17.941037893295288, 34.03613758087158, 42.322999477386475, 21.37541437149048, 12.461091995239258, 8.919108152389526, 12.669660806655884, 44.14106750488281, 19.535277366638184, 10.394931316375732, 12.184252262115479, 7.550270080566406, 4.3106608390808105, 86.02219748497009, 76.64623069763184, 8.88471245765686, 35.18297743797302, 7.752289295196533, 5.843236446380615, 14.516107559204102, 17.542328596115112, 3.3294425010681152, 5.538042068481445, 69.69924998283386, 62.547377824783325, 43.170469999313354, 12.842779874801636, 24.406362056732178, 58.24149703979492, 18.236244440078735, 14.274108409881592, 94.59007740020752, 102.05365800857544, 99.70832443237305, 48.22822070121765, 54.442930936813354, 33.43353867530823, 156.34490776062012, 55.72759652137756, 89.50981521606445, 35.0255823135376, 27.821067333221436, 23.430336713790894, 27.65666174888611, 25.3451030254364, 26.574286937713623, 77.43289375305176, 66.56231546401978, 94.36380290985107, 72.78665328025818, 33.6664605140686, 13.796265840530396, 17.09293222427368, 43.58936047554016, 65.13405656814575, 68.92784881591797, 16.498218059539795, 22.59244394302368, 32.94234297820155, 118.4953715801239, 86.69031023979187, 93.49259042739868, 29.981725931167603, 99.2134530544281, 76.11291742324829, 105.11529445648193, 52.75652027130127, 74.06031107902527, 27.048425912857056, 42.69137930870056, 23.212443590164185, 18.34827208518982, 39.497366428375244, 29.87161874771118, 30.07277822494507, 46.907530307769775, 71.66379308700562, 89.55048394203186, 81.4826979637146, 81.95507907867432, 30.7137393951416, 12.619930028915405, 82.47612595558167, 117.12230205535889, 51.23169708251953, 36.75425839424133, 50.03615856170654, 44.45237469673157, 105.6790668964386, 39.69304299354553, 36.48908543586731, 11.91659688949585, 39.75140953063965, 69.44560980796814, 34.891045570373535, 46.30328965187073, 29.60226535797119, 20.43016529083252, 50.7419319152832, 72.2628436088562, 41.36133813858032, 73.45842432975769, 36.87425208091736, 71.53405404090881, 17.231069087982178, 36.67852973937988, 17.110033750534058, 28.329047679901123, 15.586958169937134, 12.52053689956665, 74.24040269851685, 21.119388818740845, 18.069274187088013, 49.96016526222229, 28.345902681350708, 47.3250994682312, 8.357976198196411, 22.144691705703735, 42.36096429824829, 166.82669043540955, 154.72024488449097, 46.843097448349, 18.952752113342285, 20.86773943901062, 20.948482513427734, 36.24452066421509, 24.127638578414917, 22.124541997909546, 26.861931800842285, 27.868897199630737, 21.169896602630615, 16.432294607162476, 9.811506509780884, 13.975905418395996, 22.77125573158264, 15.476832389831543, 14.611036777496338, 13.732303380966187, 12.9003427028656, 11.438052415847778, 31.91333246231079, 25.828800201416016, 22.17170286178589, 26.20426344871521, 21.85404682159424, 12.907794713973999, 18.913438081741333, 18.030410289764404, 22.960851430892944, 21.01843237876892, 17.450472831726074, 17.48909020423889, 14.698577404022217, 18.587825536727905, 41.64024615287781, 75.33999347686768, 11.361832618713379, 118.78086423873901, 35.32016348838806, 56.04856467247009, 25.764029502868652, 17.11835741996765, 40.98006629943848, 23.39955973625183, 127.36301708221436, 42.19867014884949, 29.7032208442688, 33.33556842803955, 38.900450229644775, 15.47538948059082, 45.25402808189392, 83.36532092094421, 85.14482498168945, 53.27077889442444, 42.07724070549011, 77.73091626167297, 41.00134038925171, 79.70499348640442, 50.09945487976074, 32.304141998291016, 56.773449420928955, 38.17311668395996, 38.62253737449646, 65.6750099658966, 109.22302389144897, 139.17623710632324, 68.35166335105896, 18.314783811569214, 5.5766212940216064, 49.431676626205444, 62.91745376586914, 8.073198080062866, 4.631914854049683, 4.471042633056641, 4.261613607406616, 48.81535983085632, 50.768651247024536, 13.671471357345581, 3.2738521099090576, 50.2672803401947, 12.990292072296143, 14.137304544448853, 30.03409481048584, 28.203975439071655, 30.486103773117065, 4.632807493209839, 5.56635594367981, 5.138898849487305, 8.82515573501587, 11.503139972686768, 5.31442403793335, 5.698760986328125, 8.081507444381714, 5.00505256652832, 6.884362697601318, 4.224146127700806, 7.443204641342163, 5.03470516204834, 4.9504804611206055, 5.256185054779053, 5.7044007778167725, 4.133090019226074, 5.5574517250061035, 4.087796688079834, 4.242627859115601, 4.88634181022644, 4.515584468841553, 8.385091781616211, 4.241406440734863, 4.194687366485596, 6.306247234344482, 6.126075744628906, 4.176801681518555, 8.966116905212402, 4.732312202453613, 5.949050664901733, 4.536980867385864, 17.24611783027649, 10.664289474487305, 9.083253622055054, 9.634526014328003, 16.359655380249023, 4.753452777862549, 24.717771291732788, 10.476241827011108, 3.193373680114746, 21.806224584579468, 38.122597217559814, 662.8536121845245, 18.861777782440186, 17.67531681060791, 6.755552530288696, 11.587786197662354, 9.815119981765747, 25.72066831588745, 16.909860610961914, 12.320080995559692, 61.9757719039917, 51.08627510070801, 3.5504860877990723, 9.705941915512085, 5.015766859054565, 9.810135841369629, 46.34544825553894, 34.69543957710266, 10.227935075759888, 6.317007541656494, 3.7109858989715576, 12.550004005432129, 8.094253778457642, 11.064628601074219, 7.403467178344727, 11.772425889968872, 11.24941110610962, 10.527531862258911, 13.980668544769287, 16.560561656951904, 12.500091791152954, 10.919836044311523, 8.244935989379883, 10.246375322341919, 7.426378488540649, 9.075518131256104, 24.473097562789917, 12.955154657363892, 8.534510612487793, 21.660632610321045, 8.274746179580688, 4.938733816146851, 5.797767162322998, 7.046913146972656, 6.361849308013916, 4.535152196884155, 251.142347574234, 37.330471992492676, 14.18885087966919, 7.874086141586304, 14.416435480117798, 6.1206676959991455, 16.30743145942688, 16.477099895477295, 15.263987302780151, 4.7068634033203125, 152.84164667129517, 67.55410814285278, 113.72632908821106, 9.498906135559082, 5.291574239730835, 24.343977212905884, 10.80214548110962, 13.469123125076294, 7.1788365840911865, 10.127028703689575, 37.04477596282959, 11.339684009552002, 24.958405017852783, 25.68125629425049, 119.92571115493774, 5.646233320236206, 13.027265787124634, 6.245906591415405, 15.295653581619263, 9.790887594223022, 4.4823572635650635, 5.262481689453125, 41.73414659500122, 17.231066703796387, 8.162706851959229, 5.167853355407715, 6.295568227767944, 5.844691038131714, 4.780940771102905, 7.02324104309082, 4.263549566268921, 5.474626779556274, 5.252199411392212, 6.657567501068115, 3.731383800506592, 4.354036331176758, 5.213943719863892, 5.257239103317261, 5.6468610763549805, 7.902392387390137, 4.873983860015869, 5.318975210189819, 8.22179365158081, 17.06167483329773, 8.694712400436401, 9.893035411834717, 4.243102312088013, 6.169881343841553, 40.148820877075195, 8.211254358291626, 5.156501770019531, 9.978788375854492, 17.709107637405396, 4.991415739059448, 101.59169745445251, 36.18748927116394, 143.3561975955963, 9.53191089630127, 14.237877130508423, 15.703916549682617, 9.201979637145996, 14.89997386932373, 8.691032648086548, 5.397956371307373, 7.471447467803955, 7.552245378494263, 4.846591234207153, 45.37903904914856, 27.39263153076172, 30.23866558074951, 7.745172739028931, 20.761373043060303, 7.080077648162842, 15.75328516960144, 11.515407800674438, 3.513559579849243, 9.034963369369507, 9.264692783355713, 8.819510698318481, 10.455546617507935, 53.646727561950684, 5.301039934158325, 18.203150272369385, 11.022171258926392, 19.332367181777954, 24.96455430984497, 11.942843914031982, 8.754112243652344, 34.049113273620605, 10.04962968826294, 5.485741853713989, 12.016963720321655, 10.492765665054321, 7.883737802505493, 12.266167402267456, 13.157143831253052, 16.527125358581543, 8.968337535858154, 3.7487430572509766, 8.828624248504639, 9.727126121520996, 9.353092193603516, 9.01405644416809, 8.657660007476807, 13.578376531600952, 8.159642457962036, 11.907898664474487, 7.911356210708618, 16.773651123046875, 5.66044545173645, 5.707112550735474, 10.421407699584961, 47.56045937538147, 6.042796611785889, 6.257697582244873, 12.45003366470337, 18.55466318130493, 12.170487403869629, 6.159136772155762, 15.579667806625366, 15.774083375930786, 21.251394033432007, 18.346420764923096, 8.461246490478516, 6.470250606536865, 12.09449315071106, 11.828617811203003, 14.17206859588623, 6.77510404586792, 15.301093816757202, 38.753864765167236, 41.82205581665039, 23.57156229019165, 31.742737770080566, 17.976301431655884, 21.161349058151245, 14.082476377487183, 4.220546007156372, 24.822322845458984, 8.116338729858398, 16.30755066871643, 11.134421110153198, 43.713539600372314, 11.265937089920044, 10.096629619598389, 10.536948680877686, 13.503172397613525, 10.572349786758423, 9.299448251724243, 11.701466798782349, 16.721107244491577, 13.993291139602661, 7.402156591415405, 8.56806230545044, 15.810957193374634, 14.141407012939453, 16.813778162002563, 18.3416531085968, 14.70162844657898, 17.574402332305908, 13.21854043006897, 17.246002197265625, 17.363219261169434, 12.529403924942017, 12.408077001571655, 15.26033353805542, 11.433599710464478, 10.86656379699707, 12.500869750976562, 14.542977333068848, 12.827808618545532, 16.644645929336548, 8.73500943183899, 6.2526490688323975, 46.01721954345703, 9.471935510635376, 6.621819972991943, 18.99228596687317, 27.591583013534546, 21.2280490398407, 18.528879642486572, 16.539432287216187, 24.263359546661377, 19.361069202423096, 36.943522691726685, 44.77629637718201, 44.01964807510376, 35.05534887313843, 21.709475994110107, 41.99455976486206, 45.6588191986084, 36.020703077316284, 35.76508641242981, 48.543094635009766, 44.45268416404724, 27.153900861740112, 21.7287437915802, 32.07132530212402, 22.33576512336731, 29.567871570587158, 14.651193141937256, 20.756750345230103, 24.249025344848633, 30.68411684036255, 51.19252014160156, 30.233561515808105, 14.082668781280518, 31.603118896484375, 14.242418766021729, 18.967398166656494, 9.056876420974731, 16.78976011276245, 8.185866355895996, 5.99513578414917, 6.663614273071289, 31.333208560943604, 25.14885663986206, 4.797898769378662, 143.9606854915619, 70.12759160995483, 18.735376834869385, 16.95739245414734, 45.44604992866516, 18.207730054855347, 15.963924407958984, 36.91484498977661, 31.86327314376831, 7.702078580856323, 41.61648869514465, 16.59766173362732, 92.84214806556702, 25.79955005645752, 59.850642681121826, 37.30460214614868, 29.068995714187622, 50.13975691795349, 46.321922302246094, 9.144390344619751, 10.11326813697815, 5.52344012260437, 17.681448221206665, 24.65627932548523, 36.619017362594604, 23.412445068359375, 5.326265335083008, 6.827017784118652, 8.829851150512695, 6.22302770614624, 10.301354169845581, 20.862248182296753, 18.21928381919861, 41.91957974433899, 24.775825023651123, 13.331481695175171, 17.029160499572754, 145.9521768093109, 35.51693391799927, 39.0397527217865, 15.70362663269043, 27.59302806854248, 37.05433964729309, 14.921032428741455, 11.326828002929688, 13.896190643310547, 26.783892393112183, 19.810648202896118, 6.200658559799194, 22.109076499938965, 6.238627910614014, 11.233605146408081, 5.329864263534546, 10.538923263549805, 15.586283683776855, 8.608329057693481, 23.409507036209106, 18.40925431251526, 67.61306428909302, 18.201420545578003, 13.538679599761963, 3.0158348083496094, 22.509419679641724, 22.143330335617065, 26.928226947784424, 5.842416286468506, 17.155266284942627, 25.901769638061523, 10.095457792282104, 3.4383790493011475, 6.897608995437622, 11.604201793670654, 15.594914436340332, 9.99267292022705, 5.644935369491577, 9.249145746231079, 119.17803645133972, 7.194281816482544, 93.94245529174805, 54.695411682128906, 59.358519315719604, 11.372151136398315, 13.62495493888855, 36.411126375198364, 128.62956857681274, 25.637930631637573, 13.30338168144226, 7.12581992149353, 18.934273719787598, 8.727285146713257, 5.785687446594238, 8.118296146392822, 36.1348991394043, 12.678595304489136, 5.298919916152954, 5.751115083694458, 8.91353154182434, 5.306916236877441, 5.346850872039795, 9.355509281158447, 5.774171352386475, 7.021443843841553, 15.154035568237305, 9.104774236679077, 66.01078963279724, 69.3897271156311, 118.48098587989807, 84.40540051460266, 73.55167365074158, 34.54192924499512, 67.70173645019531, 61.929367542266846, 24.911514043807983, 3.352269411087036, 6.999242067337036, 16.903674840927124, 8.047107458114624, 11.169557332992554, 17.09925365447998, 8.919217824935913, 12.90246868133545, 4.357767105102539, 3.8369007110595703, 58.15903949737549, 44.31076216697693, 5.461989641189575, 14.259179830551147, 7.435534238815308, 15.263344764709473, 7.367372035980225, 15.986827850341797, 15.748880386352539, 8.656288862228394, 7.733343124389648, 7.629854440689087, 22.60609459877014, 13.659457921981812, 13.53945279121399, 12.796097993850708, 7.851394176483154, 8.734067440032959, 6.197941780090332, 7.234209775924683, 19.00519108772278, 8.233388185501099, 11.17993974685669, 141.42417573928833, 49.81860613822937, 28.948854207992554, 26.2567617893219, 23.961962461471558, 14.3188955783844, 25.608209371566772, 3.382499933242798, 11.340841054916382, 17.88799476623535, 6.606341600418091, 9.41978931427002, 4.725841283798218, 8.488643407821655, 11.064209222793579, 10.331407308578491, 7.437389612197876, 11.709103345870972, 6.005870819091797, 21.021554231643677, 9.771549940109253, 9.384055376052856, 38.167399644851685, 52.67593002319336, 12.719710350036621, 4.18001127243042, 8.004303216934204, 7.9574713706970215, 12.143277406692505, 9.040255784988403, 4.688368558883667, 10.96125078201294, 3.2370665073394775, 6.256370306015015, 12.80873990058899, 15.757813930511475, 31.629042387008667, 49.960294008255005, 37.101126194000244, 3.1161441802978516, 26.455182313919067, 12.160049438476562, 27.391633987426758, 16.42244791984558, 24.97601008415222, 8.166592121124268, 8.650827884674072, 5.58426570892334, 13.049484491348267, 6.777259588241577, 11.527684450149536, 11.27501368522644, 8.24251413345337, 59.224435329437256, 4.816263675689697, 6.131402254104614, 12.194139242172241, 7.5515923500061035, 4.6384923458099365, 3.3937878608703613, 18.12168574333191, 8.750027656555176, 4.334909439086914, 23.53162693977356, 225.67169189453125, 48.92723608016968, 6.46105170249939, 18.616640329360962, 3.4155428409576416, 4.663359642028809, 29.955077409744263, 17.277716159820557, 14.589040517807007, 14.886538743972778, 12.896666049957275, 31.285140991210938, 3.3858296871185303, 6.429344177246094, 29.254177808761597, 13.976027965545654, 33.83830499649048, 27.99655532836914, 23.651626348495483, 30.83760976791382, 27.04091215133667, 39.309754610061646, 27.1407527923584, 30.489256143569946, 23.52565860748291, 308.7182252407074, 12.146125793457031, 39.97849631309509, 18.883992433547974, 224.82715010643005, 70.02288866043091, 87.16940832138062, 18.287152767181396, 10.282072305679321, 3.056954860687256, 8.926326274871826, 10.071352481842041, 5.370056867599487, 7.450571537017822, 13.768921613693237, 116.26903986930847, 36.10654926300049, 24.0488178730011, 10.875650644302368, 27.770195960998535, 11.388279676437378, 7.262143611907959, 5.964858293533325, 11.684645891189575, 11.573219537734985, 5.497992038726807, 4.793041467666626, 18.02597212791443, 6.3897624015808105, 10.837326288223267, 44.57453441619873, 20.292764902114868, 13.435460329055786, 4.81420111656189, 8.613362789154053, 4.562920093536377, 6.202789306640625, 10.665579557418823, 5.800175666809082, 7.237437963485718, 63.11557626724243, 10.6930992603302, 7.61553692817688, 9.070886373519897, 11.42266845703125, 7.966854095458984, 21.195772409439087, 4.766385793685913, 11.42609715461731, 7.02765154838562, 6.8931779861450195, 9.74046277999878, 7.2833263874053955, 14.308467149734497, 60.8760244846344, 18.112645626068115, 113.67462992668152, 33.17684626579285, 13.070590734481812, 6.829759120941162, 19.273972034454346, 22.58961844444275, 10.203317880630493, 9.137498617172241, 10.553173780441284, 5.762252569198608, 64.4741723537445, 16.431556224822998, 25.486358404159546, 24.77237105369568, 8.035596132278442, 4.658149003982544, 10.089925289154053, 16.944555282592773, 21.250677824020386, 8.88051152229309, 7.178293466567993, 37.36708354949951, 3.3170619010925293, 2.98766827583313, 11.271786212921143, 10.502318859100342, 5.008274793624878, 5.324662208557129, 5.7140607833862305, 9.92309832572937, 3.056267023086548, 10.7933509349823, 5.361809730529785, 5.458488702774048, 6.971879720687866, 3.563056468963623, 5.963601350784302, 4.986188650131226, 2.8358194828033447, 10.486610412597656, 14.544572830200195, 15.05759572982788, 12.113488912582397, 10.38663125038147, 35.265366315841675, 5.4318835735321045, 10.778397560119629, 5.9887707233428955, 7.224371910095215, 11.08549451828003, 11.404876708984375, 8.072686672210693, 3.6829307079315186, 2.7423155307769775, 13.430848836898804, 10.118311166763306, 13.573768854141235, 51.52476906776428, 37.675901889801025, 156.6267671585083, 51.009374141693115, 17.936497688293457, 8.460379838943481, 8.571159601211548, 4.875857591629028, 10.04466986656189, 7.8839404582977295, 5.8227221965789795, 6.232407808303833, 7.07878565788269, 6.682316303253174, 7.577692985534668, 5.532637357711792, 13.906141519546509, 6.410350799560547, 10.13520336151123, 6.697392702102661, 5.2555787563323975, 14.304025650024414, 4.779604196548462, 5.292530298233032, 8.596705198287964, 13.990745782852173, 8.01751184463501, 7.267046689987183, 10.229039669036865, 7.812106370925903, 7.841147422790527, 9.388199806213379, 8.370373249053955, 6.8346991539001465, 9.520853519439697, 8.141162157058716, 6.420612335205078, 5.989008665084839, 4.280746221542358, 9.597936153411865, 16.144298315048218, 6.508094310760498, 7.5214879512786865, 5.743117332458496, 5.530502080917358, 5.988507270812988, 16.872050523757935, 14.090716361999512, 10.021992206573486, 33.85113334655762, 8.02716064453125, 8.708513021469116, 9.575403928756714, 6.992857217788696, 3.4757449626922607, 6.964275121688843, 5.2751078605651855, 2.803954601287842, 3.176407814025879, 13.404013395309448, 6.174613952636719, 73.43490529060364, 20.046545267105103, 16.706039667129517, 8.029990673065186, 7.575531005859375, 7.1189351081848145, 31.05254030227661, 13.516827583312988, 9.095628023147583, 7.123979330062866, 17.377200603485107, 9.844461679458618, 14.37893557548523, 20.49733829498291, 18.25968027114868, 102.51168537139893, 25.910725831985474, 13.043702363967896, 18.363348245620728, 10.179119110107422, 12.597587823867798, 17.559016227722168, 20.9467875957489, 15.032116413116455, 10.951218843460083, 10.003888130187988, 11.055396318435669, 21.619303703308105, 16.640384674072266, 12.315167665481567, 10.550343036651611, 6.931329727172852, 11.031879186630249, 11.190683126449585, 14.540909051895142, 10.397790908813477, 5.509530067443848, 35.419283390045166, 21.73462414741516, 6.334618091583252, 3.327389717102051, 11.855952024459839, 30.019343376159668, 5.738266944885254, 10.995816946029663, 9.113765716552734, 12.269544839859009, 8.407793760299683, 63.269737243652344, 30.136733293533325, 15.113816499710083, 22.664273262023926, 14.395771503448486, 6.989434719085693, 14.357017755508423, 9.808409214019775, 3.995479106903076, 11.885345458984375, 17.97794461250305, 2.8856916427612305, 128.2596573829651, 16.56855344772339, 7.146902322769165, 5.95576548576355, 10.24632740020752, 4.245380163192749, 8.188655138015747, 16.889995098114014, 99.41106700897217, 21.116392374038696, 8.29722547531128, 17.941037893295288, 34.03613758087158, 42.322999477386475, 21.37541437149048, 12.461091995239258, 8.919108152389526, 12.669660806655884, 44.14106750488281, 19.535277366638184, 10.394931316375732, 12.184252262115479, 7.550270080566406, 4.3106608390808105, 86.02219748497009, 76.64623069763184, 8.88471245765686, 35.18297743797302, 7.752289295196533, 5.843236446380615, 14.516107559204102, 17.542328596115112, 3.3294425010681152, 5.538042068481445, 69.69924998283386, 62.547377824783325, 43.170469999313354, 12.842779874801636, 24.406362056732178, 58.24149703979492, 18.236244440078735, 14.274108409881592, 94.59007740020752, 102.05365800857544, 99.70832443237305, 48.22822070121765, 54.442930936813354, 33.43353867530823, 156.34490776062012, 55.72759652137756, 89.50981521606445, 35.0255823135376, 27.821067333221436, 23.430336713790894, 27.65666174888611, 25.3451030254364, 26.574286937713623, 77.43289375305176, 66.56231546401978, 94.36380290985107, 72.78665328025818, 33.6664605140686, 13.796265840530396, 17.09293222427368, 43.58936047554016, 65.13405656814575, 68.92784881591797, 16.498218059539795, 22.59244394302368, 32.94234297820155, 118.4953715801239, 86.69031023979187, 93.49259042739868, 29.981725931167603, 99.2134530544281, 76.11291742324829, 105.11529445648193, 52.75652027130127, 74.06031107902527, 27.048425912857056, 42.69137930870056, 23.212443590164185, 18.34827208518982, 39.497366428375244, 29.87161874771118, 30.07277822494507, 46.907530307769775, 71.66379308700562, 89.55048394203186, 81.4826979637146, 81.95507907867432, 30.7137393951416, 12.619930028915405, 82.47612595558167, 117.12230205535889, 51.23169708251953, 36.75425839424133, 50.03615856170654, 44.45237469673157, 105.6790668964386, 39.69304299354553, 36.48908543586731, 11.91659688949585, 39.75140953063965, 69.44560980796814, 34.891045570373535, 46.30328965187073, 29.60226535797119, 20.43016529083252, 50.7419319152832, 72.2628436088562, 41.36133813858032, 73.45842432975769, 36.87425208091736, 71.53405404090881, 17.231069087982178, 36.67852973937988, 17.110033750534058, 28.329047679901123, 15.586958169937134, 12.52053689956665, 74.24040269851685, 21.119388818740845, 18.069274187088013, 49.96016526222229, 28.345902681350708, 47.3250994682312, 8.357976198196411, 22.144691705703735, 42.36096429824829, 166.82669043540955, 154.72024488449097, 46.843097448349, 18.952752113342285, 20.86773943901062, 20.948482513427734, 36.24452066421509, 24.127638578414917, 22.124541997909546, 26.861931800842285, 27.868897199630737, 21.169896602630615, 16.432294607162476, 9.811506509780884, 13.975905418395996, 22.77125573158264, 15.476832389831543, 14.611036777496338, 13.732303380966187, 12.9003427028656, 11.438052415847778, 31.91333246231079, 25.828800201416016, 22.17170286178589, 26.20426344871521, 21.85404682159424, 12.907794713973999, 18.913438081741333, 18.030410289764404, 22.960851430892944, 21.01843237876892, 17.450472831726074, 17.48909020423889, 14.698577404022217, 18.587825536727905, 41.64024615287781, 75.33999347686768, 11.361832618713379, 118.78086423873901, 35.32016348838806, 56.04856467247009, 25.764029502868652, 17.11835741996765, 40.98006629943848, 23.39955973625183, 127.36301708221436, 42.19867014884949, 29.7032208442688, 33.33556842803955, 38.900450229644775, 15.47538948059082, 45.25402808189392, 83.36532092094421, 85.14482498168945, 53.27077889442444, 42.07724070549011, 77.73091626167297, 41.00134038925171, 79.70499348640442, 50.09945487976074, 32.304141998291016, 56.773449420928955, 38.17311668395996, 38.62253737449646, 65.6750099658966, 109.22302389144897, 139.17623710632324, 68.35166335105896, 18.314783811569214]