10.958151272
45.200546663999994
43.810764799
12.048412018999997
8.809921947999982
8.693597544999989
8.227170390000026
38.575198379
64.01031701399998
42.516897376
4.208660910999981
16.270069971999988
16.21776257800002
16.70694075800003
44.96770700100001
52.406659623999985
39.689295723999976
11.46142433700004
8.176193392000016
10.10293335099999
12.645069067000009
21.044511558000067
11.320379560999982
9.965745296000023
13.230191939000065
12.881894917999944
18.869425713000055
11.339206146999913
9.99302817900002
11.491749180999932
11.003274646000023
10.196090016000085
14.870261829000015
11.457638249999945
10.778656594999916
11.604019064
11.040167728000029
11.313421829000049
11.18521797599999
27.009399642000062
11.327007236999975
9.732756332000008
10.217725593999944
11.37562625399994
11.10927665600002
20.128034312000068
9.148962704000041
7.757839029000024
9.634899741000027
43.490758344999904
20.264468052999973
10.001670644
17.65957661799996
20.283005796999987
7.311904196
25.864065785000093
12.729701931000136
6.214179611999953
35.581184011999994
38.96197538999991
1431.067669301
14.612542348999796
7.029117918999873
8.41957611099997
10.665332994999972
12.630819825999879
12.722660672000075
11.28742460500007
10.626430595000329
39.452546335999614
25.915770321999844
9.28428040100016
18.21677532500007
9.79032231300016
14.7397356270003
33.38854849299969
25.905142102000354
9.058389956000156
11.26834189400006
7.416620805000093
19.85070716400014
11.182559584000046
17.667053958999986
13.564062725999975
24.489450645000034
13.63634127100022
14.211583216000236
16.429545207000047
21.439281912000297
17.98461782100003
22.80642451699987
13.743907019999824
17.754625218
11.979452816000048
15.654461137999988
17.43398766900009
13.620019202000094
13.021712287000355
12.342774998000095
19.266577202999997
11.019569198999761
9.18591464300016
16.52543705500011
14.028747839000062
9.912937196000257
404.6567142939998
32.42029271399997
14.456691600999875
13.229405732000032
11.315094290999696
11.461460799000179
17.129594341999564
12.370305055000244
15.110174901999926
11.22603512700016
128.27502536400016
55.41138888799969
119.48232092299986
12.276457179999852
14.733073884999612
29.055021266999574
19.032722908000324
20.604462698000134
14.812520096000299
11.782324453999536
36.305567588000486
11.774155901000086
36.039888862000225
78.4404315820002
171.39000672699967
19.589955062000627
22.478795040000477
12.813744491999387
21.19710521399975
14.415227589000096
14.744823137999447
14.693525924999449
74.75415807799982
19.270930114000294
11.701860834999934
7.969467021000128
10.635295383000084
11.923878045000492
8.605086575000314
8.086888263999754
6.046383535000132
9.527236490000178
8.365523458000098
10.75523740799963
8.81192828500025
6.506815483000537
7.549786986999607
8.79698684199957
9.464706790999116
8.221012265000354
7.735897743000351
11.244418199999927
13.99597513199933
11.817957661999571
11.748423707000256
10.186659738000344
8.64582713999971
10.165682602999368
73.64537302200006
9.331675473999894
14.551255314999253
14.173420961000375
24.3226593469999
13.299198384000192
73.83771270899979
23.554625603000204
296.3713826100002
19.084479054999974
19.424521163999998
13.917383161999169
20.019337576999533
28.28981153099994
13.375252797999565
14.073961944000075
10.584141025000463
13.6253683369996
9.335791958999835
68.55770525099979
57.544766473999516
59.31256705800024
11.18404982500033
16.824591147999854
10.634123299000748
19.012693450999905
14.28176249199987
9.338901740000438
14.947196728000563
12.732093182000426
14.957785333999709
14.772453262000454
77.0668097429998
11.607615467999494
15.166034222000235
13.921474576000037
17.49772247800047
19.328922173000137
13.722109136000654
14.955485972000133
16.26906740600043
10.0504548050003
16.181878442000198
16.4631874960005
10.539491335999628
10.221339234999505
14.07841748499959
11.339402835999863
14.573972883999886
19.98490344399943
9.389216930000657
13.491398781000498
14.35088144800011
10.492767540999921
9.109343948999594
10.513155867000023
40.647825795000244
11.589619770999889
10.467493629000273
10.07715512499999
16.642596626999875
10.33059271500042
12.616398316000414
33.93365883200022
63.94923817700055
10.787443142000484
9.967504840000402
22.68466061700019
13.786102699999901
11.877385900999798
10.549758775000555
16.857810213999983
14.941916423000293
15.378607331999774
16.09410070499962
12.819810091999898
12.920094665999386
17.350543255999582
15.379307570000492
13.908536267000272
10.590404728000067
12.347168973999942
41.43475131000014
40.96295415199984
22.574901364999278
19.854449276000196
17.330763392000335
19.507440687999406
7.948008418999962
6.836498829999982
23.19777279400023
10.06686824999997
21.144066671000473
17.791125198999907
74.02538915800051
16.16142552600013
10.739641488000416
10.507039627000268
11.775273424999796
9.780117266000161
12.974480661000598
13.236369248000301
17.542721677999907
11.032029680999585
11.705574032000186
14.509547368999847
16.621728013999927
15.83321800899921
22.102987151999514
16.74676574499972
15.039856677999524
14.675825549000365
16.271135031000085
16.099655935000555
16.245370175999597
13.042703824000455
15.029722766000305
16.587841877000756
11.213123085999541
14.349370541999633
12.951866690000315
14.628435937999711
17.524868425000022
58.67418160899979
11.877533168999435
12.702371487999699
51.34827780100022
9.16187949399955
11.087384596999982
27.882287602999895
60.30930533399987
30.718247703000088
16.307225553000535
18.955818526999792
16.23371732600026
11.058113902999139
28.999951691000206
16.408806993000326
20.441899319000186
14.532607165000627
15.065506303000802
20.726947311000004
18.030992724000498
26.376508493000074
22.36900718800007
26.963704363000033
18.02660369499972
34.15444135100006
31.89461187100096
31.12767613899996
35.60379900699991
39.37508252000043
13.023206939999
31.268292340999324
41.291811780998614
34.463860637000835
37.7789067979993
33.51266352499988
20.425436855000953
11.791944173999582
7.861185580999518
24.053604717999406
14.039845448000051
25.889345777000926
6.966024987999845
9.916341868000018
11.886904475999472
15.42072399799872
10.199050102999536
9.309081518998937
148.99827052299952
34.17879176099996
31.784149994000472
24.41899777800063
25.764014749000125
11.567058211001495
11.260280689000865
27.28058779299863
27.072623400999873
11.363061648999064
53.639965340000344
18.265588389000186
74.32348678900053
21.81315136199919
68.23616528000093
27.93505576499956
32.43545938999887
70.50986655500128
41.98349400799998
8.604759603000275
14.408567980999578
11.148188881999886
19.343572918000064
35.770084402000066
16.87314966700069
10.44804700700115
9.712789008999607
7.301519365000786
9.37508012699982
10.577517530000478
10.851696769001137
31.71243791500092
17.194780644000275
34.17285189799986
21.73557589899974
13.366875310999603
24.868611627000064
90.10054993200174
40.44507061500008
35.39720155099894
13.526555607000773
7.5547440749996895
9.77528446299948
10.703669328000615
12.40584672499972
14.567021527000179
13.591184106999208
16.645100331999856
23.795350940999924
19.644782176999797
6.905079341000601
13.089662120000867
9.40605928200057
12.257261585000379
13.928648118000638
10.378999841999757
11.053499128000112
22.452649501999986
78.46599210900058
25.80555673299932
24.97898206500031
4.742026271998839
27.99606226800097
17.054463308000777
18.185181257000295
10.275929072999133
10.539902070999233
24.95268625999961
20.37760336000065
8.725971593001304
13.130735425000239
32.88020775299992
15.322601256999405
11.782545874000789
5.045979870001247
10.505707523001547
105.01621875199999
11.246877498000686
35.216147977998844
36.03810802599946
40.25209143000029
8.637967403001312
10.280290184000478
31.461230372999125
110.15746610600036
19.917422032000104
11.365606855999431
16.567312878998564
27.05138248000003
9.280035825000596
9.565602351000052
19.350913033000325
22.725586194001153
13.995352673000525
10.668909873998928
9.711190579000686
8.773608602999957
9.96155446100056
9.070816293000462
11.618710521999674
6.829952107000281
7.074851422999927
15.760625761999108
9.214698566000152
50.028005422000206
53.56088926099983
65.63849548599865
41.97784771299848
39.806428273001075
28.135934511001324
46.901896122000835
58.956420318998426
19.699958141000025
7.133042415000091
15.667482479999308
11.678818737000256
11.85134024800027
11.653349189000437
15.493652036999265
9.820857228000023
13.57425737199992
10.584115719000692
9.549788371999966
34.54423690499971
32.41000266100127
11.73705791500106
22.177440471999944
15.500442036000095
14.445661403999111
9.849073229999703
12.751206880999234
12.208977861999301
13.763704242999665
13.44143543499922
13.41601247699873
13.800770992000253
9.048203930000454
13.215865172998747
14.443489373001285
8.067476834001354
8.663211539000258
9.608645577000061
14.772932588999538
13.921162004999132
10.269235715999457
12.432264233999376
129.16020297899922
27.248463569001615
17.900124826999672
34.312168574999305
50.583673748000365
11.499036241000795
15.13530627900036
7.658668784999463
16.212049087000196
24.730477978000636
9.915201447000072
7.741786440999931
10.193187137998393
12.715550696999344
24.097957046999
13.100685871999303
12.915900013000282
19.641181331999178
7.8761835179993795
15.239311866000207
7.870832137999969
8.373588229998859
21.416923205000785
106.23307159099932
9.371008086000074
9.069433990000107
13.886234759000217
11.36944603899974
25.565088755000033
13.172283650999816
10.515442767000422
13.180608810000194
5.583039380000628
7.980486382999516
12.78804543700062
12.783596562001549
34.03672105399892
41.88826748300016
31.88869816099941
4.385224257999653
19.122399949999817
8.77701757899922
30.181683322000026
20.69669713299845
13.02752091200091
12.20530191600119
9.725052096000582
11.105968084999404
8.657807339999636
7.135888659999182
11.330464474998735
22.12195966299987
11.653287944000112
27.89166219800063
9.723966778999966
10.061971306000487
10.75213056299981
9.642893415999424
6.657338558999982
7.296834435999699
15.418587968999418
14.437637124001412
9.85803945599946
26.854753915999027
171.8229088199987
43.41419679400133
11.191082295999877
34.74524988799931
6.560846857000797
11.840781503999096
45.75772959599999
17.682934918000683
34.26473838899983
23.849623104000784
19.994875029999093
25.969194589000836
4.611366477000047
9.001458044000174
66.32764767799927
15.310298861000774
27.21530309100126
10.972581766000076
8.640635310001016
12.635188098000071
10.831074087998786
22.050975792999452
11.404190633000326
9.6320002199991
10.480346939999436
202.93655593600124
7.090292511000371
22.215652897999462
11.001990661998207
45.240702645000056
46.75191668699881
59.99383157400007
13.800696076999884
18.227318821000154
5.999226918998829
16.6678487149984
25.336010441000326
11.28141438000057
17.207804113000748
28.843169180001496
100.16390479299844
27.913486474999445
16.29298174300129
12.938020047999089
20.10045349199936
10.18286743399949
9.966750310000862
11.958173496001109
16.33698580500095
15.3417668209986
10.884216329999617
9.401931479000268
20.643205398000646
7.025156874999084
22.38192767700093
36.561260905999006
16.058183413000734
15.3426321070001
12.800702782998997
13.311504838999099
11.566742900000463
9.899288942000567
10.913665703001243
12.37898996399963
11.725353845000427
30.731762252000408
21.59848466299991
21.350132633000612
9.023565554000015
12.089376044001256
12.423051321000457
14.18120054999963
5.470770186000664
10.137132668998674
5.53408622400093
9.309868619000554
13.060809222999524
8.388129539998772
11.353744936999647
18.67395039800067
14.182389293000597
113.38897953899868
38.17138879000049
10.71062226200047
7.11223231799886
9.977894656998615
18.92495228900043
10.925673554998866
15.458901879999758
9.177069027999096
8.110723764000795
45.810904518000825
8.46744281700012
11.17311854000036
9.901854884001295
7.99377528200057
9.09714349999922
8.189213938998364
15.287990470000295
11.788110658999358
10.88473889299894
10.592512697001439
45.91285386600066
5.252138134001143
6.497513266000169
15.203000950999922
24.844327554999836
7.497518642001523
14.44073425300121
15.569093059000807
7.160740170998906
5.838446451998607
18.475796081000226
11.390135353000005
11.955956323999999
13.579269482999734
8.111638541999127
10.058664509000664
11.43880934200024
5.16836530799992
11.686278102999495
15.966658933000872
38.56536151
36.922238268
7.371731193001324
12.60056851599984
11.373149287999695
11.246379056001388
10.295257324998602
9.957582557999558
15.997542910999982
6.995362486000886
10.986233813000581
9.509712531998957
5.1836809950000315
43.18057366299945
13.98825810100061
15.328798106998875
47.89651011600108
18.226808159999564
160.63760508799896
30.98415953100084
24.692630860999998
16.140590721999615
13.07237284599978
11.417551757000183
11.433374339998409
10.16829347499879
10.518610250001075
12.141817132000142
10.225092071999825
10.260706515000493
9.165912473999924
9.108600621999358
18.979776354000933
15.39581758499844
15.026770009997563
9.95053873500001
9.890973393001332
11.5585745770004
9.598538597001607
10.65201414799958
10.793032879002567
11.598949877999985
13.936272962997464
11.242828013997496
12.650063392000447
10.934930957999313
15.4161621739986
11.234326877998683
12.099588054999913
11.854690088002826
17.489032206998672
10.693914499999664
9.001411260996974
10.172157528999378
11.167460647997359
12.413328307000484
17.59169575499982
10.91917705800006
16.288231719998294
11.98401441399983
10.414670743997704
9.81237959900318
14.742000394999195
13.416086111999903
10.927887333997205
15.197447602000466
14.34490492900295
11.475310993999301
10.881975607997447
9.572444588000508
7.5713764450010785
10.448254650997114
9.574009069001477
5.599534550998214
4.953964582997287
17.924594290998357
12.442171924998547
98.18896120700083
40.83345335500053
10.745442127001297
7.183565061000991
13.074068263998925
12.37432360800085
18.84146839999812
9.781500475997746
27.455816306999623
10.926811268000165
35.91845846599972
14.490826256002038
11.418263386000035
21.275578140997823
26.97551981200013
36.471187937997456
34.743282941999496
9.184840202000487
22.686940853000124
19.587311085000692
21.970562974998757
24.027236048001214
24.43333325000276
29.161123053003394
28.214771197999653
17.51193180500195
29.59080574300242
27.748708966999402
20.213292831998842
15.608851010998478
27.082891130998178
17.49024149699835
25.40499914099928
14.329639823001344
13.918007797998143
18.40162711099765
10.114678549998644
41.04217200199855
12.74237383199943
11.480789608998748
4.432194225002604
17.886410834002163
17.06131529999766
8.971871911999187
16.10389297599977
14.51579435199892
11.494420684000943
9.36030021699844
33.766774712999904
27.944150209001236
19.351985312998295
9.709207331998186
19.1686622849993
11.93128085599892
30.190763317001256
16.54963996600054
7.218070662998798
17.733580992000498
29.186032055000396
5.9542666590023146
67.21697838999899
10.17746449599872
14.789504049000243
14.300023325999064
17.34134604299834
12.553050282996992
16.971802887001104
28.19825451900033
71.19470660599836
23.924379470998247
12.343446818002121
21.008156212999893
23.129262144000677
34.827404456002114
53.501527861000795
15.444026199998916
9.704363517001184
20.938063330999285
46.707072786000936
17.361670184000104
9.562584062998212
13.336672997000278
10.054366223001125
9.586415321999084
80.45638856799997
86.53254024099806
10.45042240299881
30.79305314800149
8.958568422000099
11.275303940001322
11.888756141001068
11.465825627998129
8.786716983002407
9.938888975000737
30.902115228000184
25.414230423000845
19.04413736400238
11.055300825999439
16.927911376002157
33.02444002300035
10.46980043000076
13.811212046999572
44.366305820996786
35.59162711799945
39.579945985999075
19.51223201999892
30.51105972000005
14.676929061999545
76.9860660259983
26.099052556997776
37.27840860200013
11.384188828000333
9.030590778002079
11.108748319998995
9.720660015998874
11.160330205002538
8.471063340999535
31.069321861999924
27.676607794997835
42.3411006009992
32.81261802100198
15.803470154001843
14.634773997000593
15.60487187200124
20.333904077000625
26.767933936996997
33.26607773000069
11.21790721599973
8.963897446999908
40.52530171500257
34.302261734999774
19.203023746002145
45.384570201000315
17.600875085001462
33.69456990400067
31.353291234001517
34.37600271700285
22.176086049999867
12.722500198000489
8.890722822001408
12.221410799000296
12.013122243999533
8.973002087001078
11.288048869002523
9.007234595999762
9.987709691999044
11.934494590997929
34.56987328999821
27.92138335299751
31.03138803099864
32.01158140700136
32.276101472001756
14.424471431000711
49.092922414001805
37.569955836999725
18.958314125997276
15.382536603003246
20.836865081000724
18.118618644999515
38.18972850100181
10.361634259999846
8.662536936000834
14.242734128001757
17.666161887998896
35.40203916599785
15.600005670999963
22.574059079001017
13.49242522500208
10.962439786999312
21.993688711998402
49.16491217300063
13.435021614001016
32.77199452300192
26.35480400799861
35.811248144000274
17.747616209002445
17.641933262999373
19.34448139399683
36.50635757800046
32.04842513699987
13.965833508998912
46.04761334699651
21.91968977900251
23.794924660000106
33.934556724001595
18.982500477999565
31.90101651400255
10.953406815999188
15.248267432998546
39.084287012999994
93.00033432399869
95.14244874799988
16.629932755997288
15.983768990998215
17.055603205997613
16.60478569600309
20.12178691200097
18.039376486001856
20.536597368998628
15.536755711000296
17.96987212500244
17.700262684000336
16.87237034699865
12.475793944999168
11.150805473997025
15.694115361999138
14.463779844001692
15.066241111002455
15.31660272299996
14.038068029996793
12.84572176400252
15.153874052000901
20.13009688799866
15.050339691999397
19.781665934002376
20.941252296997845
15.727146998000535
16.014931715002604
27.37106496400156
24.229580328003067
15.771501966999494
20.28156380300061
16.007259539001097
14.36033924900039
17.414452925997466
31.960151972998574
110.15955423300329
11.900497080001514
57.39088779300073
19.25997445500252
28.908327104996715
18.672995185999753
11.209851892002916
16.19700018900039
28.25668476699866
46.81328577900058
22.635433452000143
9.199484214001131
16.5473396999987
28.113674166001147
15.397916631001863
17.144662004000566
13.930597684997338
16.900630175001425
12.782561539999733
10.80818907900175
26.67015158799768
18.091673812999943
29.315114105000248
13.128290590997494
12.253676356998767
11.775555850999808
8.389790501998505
14.964941087000625
19.690883551000297
24.189974970002368
59.1342597920011
20.494925551996857

[10.958151272, 45.200546663999994, 43.810764799, 12.048412018999997, 8.809921947999982, 8.693597544999989, 8.227170390000026, 38.575198379, 64.01031701399998, 42.516897376, 4.208660910999981, 16.270069971999988, 16.21776257800002, 16.70694075800003, 44.96770700100001, 52.406659623999985, 39.689295723999976, 11.46142433700004, 8.176193392000016, 10.10293335099999, 12.645069067000009, 21.044511558000067, 11.320379560999982, 9.965745296000023, 13.230191939000065, 12.881894917999944, 18.869425713000055, 11.339206146999913, 9.99302817900002, 11.491749180999932, 11.003274646000023, 10.196090016000085, 14.870261829000015, 11.457638249999945, 10.778656594999916, 11.604019064, 11.040167728000029, 11.313421829000049, 11.18521797599999, 27.009399642000062, 11.327007236999975, 9.732756332000008, 10.217725593999944, 11.37562625399994, 11.10927665600002, 20.128034312000068, 9.148962704000041, 7.757839029000024, 9.634899741000027, 43.490758344999904, 20.264468052999973, 10.001670644, 17.65957661799996, 20.283005796999987, 7.311904196, 25.864065785000093, 12.729701931000136, 6.214179611999953, 35.581184011999994, 38.96197538999991, 1431.067669301, 14.612542348999796, 7.029117918999873, 8.41957611099997, 10.665332994999972, 12.630819825999879, 12.722660672000075, 11.28742460500007, 10.626430595000329, 39.452546335999614, 25.915770321999844, 9.28428040100016, 18.21677532500007, 9.79032231300016, 14.7397356270003, 33.38854849299969, 25.905142102000354, 9.058389956000156, 11.26834189400006, 7.416620805000093, 19.85070716400014, 11.182559584000046, 17.667053958999986, 13.564062725999975, 24.489450645000034, 13.63634127100022, 14.211583216000236, 16.429545207000047, 21.439281912000297, 17.98461782100003, 22.80642451699987, 13.743907019999824, 17.754625218, 11.979452816000048, 15.654461137999988, 17.43398766900009, 13.620019202000094, 13.021712287000355, 12.342774998000095, 19.266577202999997, 11.019569198999761, 9.18591464300016, 16.52543705500011, 14.028747839000062, 9.912937196000257, 404.6567142939998, 32.42029271399997, 14.456691600999875, 13.229405732000032, 11.315094290999696, 11.461460799000179, 17.129594341999564, 12.370305055000244, 15.110174901999926, 11.22603512700016, 128.27502536400016, 55.41138888799969, 119.48232092299986, 12.276457179999852, 14.733073884999612, 29.055021266999574, 19.032722908000324, 20.604462698000134, 14.812520096000299, 11.782324453999536, 36.305567588000486, 11.774155901000086, 36.039888862000225, 78.4404315820002, 171.39000672699967, 19.589955062000627, 22.478795040000477, 12.813744491999387, 21.19710521399975, 14.415227589000096, 14.744823137999447, 14.693525924999449, 74.75415807799982, 19.270930114000294, 11.701860834999934, 7.969467021000128, 10.635295383000084, 11.923878045000492, 8.605086575000314, 8.086888263999754, 6.046383535000132, 9.527236490000178, 8.365523458000098, 10.75523740799963, 8.81192828500025, 6.506815483000537, 7.549786986999607, 8.79698684199957, 9.464706790999116, 8.221012265000354, 7.735897743000351, 11.244418199999927, 13.99597513199933, 11.817957661999571, 11.748423707000256, 10.186659738000344, 8.64582713999971, 10.165682602999368, 73.64537302200006, 9.331675473999894, 14.551255314999253, 14.173420961000375, 24.3226593469999, 13.299198384000192, 73.83771270899979, 23.554625603000204, 296.3713826100002, 19.084479054999974, 19.424521163999998, 13.917383161999169, 20.019337576999533, 28.28981153099994, 13.375252797999565, 14.073961944000075, 10.584141025000463, 13.6253683369996, 9.335791958999835, 68.55770525099979, 57.544766473999516, 59.31256705800024, 11.18404982500033, 16.824591147999854, 10.634123299000748, 19.012693450999905, 14.28176249199987, 9.338901740000438, 14.947196728000563, 12.732093182000426, 14.957785333999709, 14.772453262000454, 77.0668097429998, 11.607615467999494, 15.166034222000235, 13.921474576000037, 17.49772247800047, 19.328922173000137, 13.722109136000654, 14.955485972000133, 16.26906740600043, 10.0504548050003, 16.181878442000198, 16.4631874960005, 10.539491335999628, 10.221339234999505, 14.07841748499959, 11.339402835999863, 14.573972883999886, 19.98490344399943, 9.389216930000657, 13.491398781000498, 14.35088144800011, 10.492767540999921, 9.109343948999594, 10.513155867000023, 40.647825795000244, 11.589619770999889, 10.467493629000273, 10.07715512499999, 16.642596626999875, 10.33059271500042, 12.616398316000414, 33.93365883200022, 63.94923817700055, 10.787443142000484, 9.967504840000402, 22.68466061700019, 13.786102699999901, 11.877385900999798, 10.549758775000555, 16.857810213999983, 14.941916423000293, 15.378607331999774, 16.09410070499962, 12.819810091999898, 12.920094665999386, 17.350543255999582, 15.379307570000492, 13.908536267000272, 10.590404728000067, 12.347168973999942, 41.43475131000014, 40.96295415199984, 22.574901364999278, 19.854449276000196, 17.330763392000335, 19.507440687999406, 7.948008418999962, 6.836498829999982, 23.19777279400023, 10.06686824999997, 21.144066671000473, 17.791125198999907, 74.02538915800051, 16.16142552600013, 10.739641488000416, 10.507039627000268, 11.775273424999796, 9.780117266000161, 12.974480661000598, 13.236369248000301, 17.542721677999907, 11.032029680999585, 11.705574032000186, 14.509547368999847, 16.621728013999927, 15.83321800899921, 22.102987151999514, 16.74676574499972, 15.039856677999524, 14.675825549000365, 16.271135031000085, 16.099655935000555, 16.245370175999597, 13.042703824000455, 15.029722766000305, 16.587841877000756, 11.213123085999541, 14.349370541999633, 12.951866690000315, 14.628435937999711, 17.524868425000022, 58.67418160899979, 11.877533168999435, 12.702371487999699, 51.34827780100022, 9.16187949399955, 11.087384596999982, 27.882287602999895, 60.30930533399987, 30.718247703000088, 16.307225553000535, 18.955818526999792, 16.23371732600026, 11.058113902999139, 28.999951691000206, 16.408806993000326, 20.441899319000186, 14.532607165000627, 15.065506303000802, 20.726947311000004, 18.030992724000498, 26.376508493000074, 22.36900718800007, 26.963704363000033, 18.02660369499972, 34.15444135100006, 31.89461187100096, 31.12767613899996, 35.60379900699991, 39.37508252000043, 13.023206939999, 31.268292340999324, 41.291811780998614, 34.463860637000835, 37.7789067979993, 33.51266352499988, 20.425436855000953, 11.791944173999582, 7.861185580999518, 24.053604717999406, 14.039845448000051, 25.889345777000926, 6.966024987999845, 9.916341868000018, 11.886904475999472, 15.42072399799872, 10.199050102999536, 9.309081518998937, 148.99827052299952, 34.17879176099996, 31.784149994000472, 24.41899777800063, 25.764014749000125, 11.567058211001495, 11.260280689000865, 27.28058779299863, 27.072623400999873, 11.363061648999064, 53.639965340000344, 18.265588389000186, 74.32348678900053, 21.81315136199919, 68.23616528000093, 27.93505576499956, 32.43545938999887, 70.50986655500128, 41.98349400799998, 8.604759603000275, 14.408567980999578, 11.148188881999886, 19.343572918000064, 35.770084402000066, 16.87314966700069, 10.44804700700115, 9.712789008999607, 7.301519365000786, 9.37508012699982, 10.577517530000478, 10.851696769001137, 31.71243791500092, 17.194780644000275, 34.17285189799986, 21.73557589899974, 13.366875310999603, 24.868611627000064, 90.10054993200174, 40.44507061500008, 35.39720155099894, 13.526555607000773, 7.5547440749996895, 9.77528446299948, 10.703669328000615, 12.40584672499972, 14.567021527000179, 13.591184106999208, 16.645100331999856, 23.795350940999924, 19.644782176999797, 6.905079341000601, 13.089662120000867, 9.40605928200057, 12.257261585000379, 13.928648118000638, 10.378999841999757, 11.053499128000112, 22.452649501999986, 78.46599210900058, 25.80555673299932, 24.97898206500031, 4.742026271998839, 27.99606226800097, 17.054463308000777, 18.185181257000295, 10.275929072999133, 10.539902070999233, 24.95268625999961, 20.37760336000065, 8.725971593001304, 13.130735425000239, 32.88020775299992, 15.322601256999405, 11.782545874000789, 5.045979870001247, 10.505707523001547, 105.01621875199999, 11.246877498000686, 35.216147977998844, 36.03810802599946, 40.25209143000029, 8.637967403001312, 10.280290184000478, 31.461230372999125, 110.15746610600036, 19.917422032000104, 11.365606855999431, 16.567312878998564, 27.05138248000003, 9.280035825000596, 9.565602351000052, 19.350913033000325, 22.725586194001153, 13.995352673000525, 10.668909873998928, 9.711190579000686, 8.773608602999957, 9.96155446100056, 9.070816293000462, 11.618710521999674, 6.829952107000281, 7.074851422999927, 15.760625761999108, 9.214698566000152, 50.028005422000206, 53.56088926099983, 65.63849548599865, 41.97784771299848, 39.806428273001075, 28.135934511001324, 46.901896122000835, 58.956420318998426, 19.699958141000025, 7.133042415000091, 15.667482479999308, 11.678818737000256, 11.85134024800027, 11.653349189000437, 15.493652036999265, 9.820857228000023, 13.57425737199992, 10.584115719000692, 9.549788371999966, 34.54423690499971, 32.41000266100127, 11.73705791500106, 22.177440471999944, 15.500442036000095, 14.445661403999111, 9.849073229999703, 12.751206880999234, 12.208977861999301, 13.763704242999665, 13.44143543499922, 13.41601247699873, 13.800770992000253, 9.048203930000454, 13.215865172998747, 14.443489373001285, 8.067476834001354, 8.663211539000258, 9.608645577000061, 14.772932588999538, 13.921162004999132, 10.269235715999457, 12.432264233999376, 129.16020297899922, 27.248463569001615, 17.900124826999672, 34.312168574999305, 50.583673748000365, 11.499036241000795, 15.13530627900036, 7.658668784999463, 16.212049087000196, 24.730477978000636, 9.915201447000072, 7.741786440999931, 10.193187137998393, 12.715550696999344, 24.097957046999, 13.100685871999303, 12.915900013000282, 19.641181331999178, 7.8761835179993795, 15.239311866000207, 7.870832137999969, 8.373588229998859, 21.416923205000785, 106.23307159099932, 9.371008086000074, 9.069433990000107, 13.886234759000217, 11.36944603899974, 25.565088755000033, 13.172283650999816, 10.515442767000422, 13.180608810000194, 5.583039380000628, 7.980486382999516, 12.78804543700062, 12.783596562001549, 34.03672105399892, 41.88826748300016, 31.88869816099941, 4.385224257999653, 19.122399949999817, 8.77701757899922, 30.181683322000026, 20.69669713299845, 13.02752091200091, 12.20530191600119, 9.725052096000582, 11.105968084999404, 8.657807339999636, 7.135888659999182, 11.330464474998735, 22.12195966299987, 11.653287944000112, 27.89166219800063, 9.723966778999966, 10.061971306000487, 10.75213056299981, 9.642893415999424, 6.657338558999982, 7.296834435999699, 15.418587968999418, 14.437637124001412, 9.85803945599946, 26.854753915999027, 171.8229088199987, 43.41419679400133, 11.191082295999877, 34.74524988799931, 6.560846857000797, 11.840781503999096, 45.75772959599999, 17.682934918000683, 34.26473838899983, 23.849623104000784, 19.994875029999093, 25.969194589000836, 4.611366477000047, 9.001458044000174, 66.32764767799927, 15.310298861000774, 27.21530309100126, 10.972581766000076, 8.640635310001016, 12.635188098000071, 10.831074087998786, 22.050975792999452, 11.404190633000326, 9.6320002199991, 10.480346939999436, 202.93655593600124, 7.090292511000371, 22.215652897999462, 11.001990661998207, 45.240702645000056, 46.75191668699881, 59.99383157400007, 13.800696076999884, 18.227318821000154, 5.999226918998829, 16.6678487149984, 25.336010441000326, 11.28141438000057, 17.207804113000748, 28.843169180001496, 100.16390479299844, 27.913486474999445, 16.29298174300129, 12.938020047999089, 20.10045349199936, 10.18286743399949, 9.966750310000862, 11.958173496001109, 16.33698580500095, 15.3417668209986, 10.884216329999617, 9.401931479000268, 20.643205398000646, 7.025156874999084, 22.38192767700093, 36.561260905999006, 16.058183413000734, 15.3426321070001, 12.800702782998997, 13.311504838999099, 11.566742900000463, 9.899288942000567, 10.913665703001243, 12.37898996399963, 11.725353845000427, 30.731762252000408, 21.59848466299991, 21.350132633000612, 9.023565554000015, 12.089376044001256, 12.423051321000457, 14.18120054999963, 5.470770186000664, 10.137132668998674, 5.53408622400093, 9.309868619000554, 13.060809222999524, 8.388129539998772, 11.353744936999647, 18.67395039800067, 14.182389293000597, 113.38897953899868, 38.17138879000049, 10.71062226200047, 7.11223231799886, 9.977894656998615, 18.92495228900043, 10.925673554998866, 15.458901879999758, 9.177069027999096, 8.110723764000795, 45.810904518000825, 8.46744281700012, 11.17311854000036, 9.901854884001295, 7.99377528200057, 9.09714349999922, 8.189213938998364, 15.287990470000295, 11.788110658999358, 10.88473889299894, 10.592512697001439, 45.91285386600066, 5.252138134001143, 6.497513266000169, 15.203000950999922, 24.844327554999836, 7.497518642001523, 14.44073425300121, 15.569093059000807, 7.160740170998906, 5.838446451998607, 18.475796081000226, 11.390135353000005, 11.955956323999999, 13.579269482999734, 8.111638541999127, 10.058664509000664, 11.43880934200024, 5.16836530799992, 11.686278102999495, 15.966658933000872, 38.56536151, 36.922238268, 7.371731193001324, 12.60056851599984, 11.373149287999695, 11.246379056001388, 10.295257324998602, 9.957582557999558, 15.997542910999982, 6.995362486000886, 10.986233813000581, 9.509712531998957, 5.1836809950000315, 43.18057366299945, 13.98825810100061, 15.328798106998875, 47.89651011600108, 18.226808159999564, 160.63760508799896, 30.98415953100084, 24.692630860999998, 16.140590721999615, 13.07237284599978, 11.417551757000183, 11.433374339998409, 10.16829347499879, 10.518610250001075, 12.141817132000142, 10.225092071999825, 10.260706515000493, 9.165912473999924, 9.108600621999358, 18.979776354000933, 15.39581758499844, 15.026770009997563, 9.95053873500001, 9.890973393001332, 11.5585745770004, 9.598538597001607, 10.65201414799958, 10.793032879002567, 11.598949877999985, 13.936272962997464, 11.242828013997496, 12.650063392000447, 10.934930957999313, 15.4161621739986, 11.234326877998683, 12.099588054999913, 11.854690088002826, 17.489032206998672, 10.693914499999664, 9.001411260996974, 10.172157528999378, 11.167460647997359, 12.413328307000484, 17.59169575499982, 10.91917705800006, 16.288231719998294, 11.98401441399983, 10.414670743997704, 9.81237959900318, 14.742000394999195, 13.416086111999903, 10.927887333997205, 15.197447602000466, 14.34490492900295, 11.475310993999301, 10.881975607997447, 9.572444588000508, 7.5713764450010785, 10.448254650997114, 9.574009069001477, 5.599534550998214, 4.953964582997287, 17.924594290998357, 12.442171924998547, 98.18896120700083, 40.83345335500053, 10.745442127001297, 7.183565061000991, 13.074068263998925, 12.37432360800085, 18.84146839999812, 9.781500475997746, 27.455816306999623, 10.926811268000165, 35.91845846599972, 14.490826256002038, 11.418263386000035, 21.275578140997823, 26.97551981200013, 36.471187937997456, 34.743282941999496, 9.184840202000487, 22.686940853000124, 19.587311085000692, 21.970562974998757, 24.027236048001214, 24.43333325000276, 29.161123053003394, 28.214771197999653, 17.51193180500195, 29.59080574300242, 27.748708966999402, 20.213292831998842, 15.608851010998478, 27.082891130998178, 17.49024149699835, 25.40499914099928, 14.329639823001344, 13.918007797998143, 18.40162711099765, 10.114678549998644, 41.04217200199855, 12.74237383199943, 11.480789608998748, 4.432194225002604, 17.886410834002163, 17.06131529999766, 8.971871911999187, 16.10389297599977, 14.51579435199892, 11.494420684000943, 9.36030021699844, 33.766774712999904, 27.944150209001236, 19.351985312998295, 9.709207331998186, 19.1686622849993, 11.93128085599892, 30.190763317001256, 16.54963996600054, 7.218070662998798, 17.733580992000498, 29.186032055000396, 5.9542666590023146, 67.21697838999899, 10.17746449599872, 14.789504049000243, 14.300023325999064, 17.34134604299834, 12.553050282996992, 16.971802887001104, 28.19825451900033, 71.19470660599836, 23.924379470998247, 12.343446818002121, 21.008156212999893, 23.129262144000677, 34.827404456002114, 53.501527861000795, 15.444026199998916, 9.704363517001184, 20.938063330999285, 46.707072786000936, 17.361670184000104, 9.562584062998212, 13.336672997000278, 10.054366223001125, 9.586415321999084, 80.45638856799997, 86.53254024099806, 10.45042240299881, 30.79305314800149, 8.958568422000099, 11.275303940001322, 11.888756141001068, 11.465825627998129, 8.786716983002407, 9.938888975000737, 30.902115228000184, 25.414230423000845, 19.04413736400238, 11.055300825999439, 16.927911376002157, 33.02444002300035, 10.46980043000076, 13.811212046999572, 44.366305820996786, 35.59162711799945, 39.579945985999075, 19.51223201999892, 30.51105972000005, 14.676929061999545, 76.9860660259983, 26.099052556997776, 37.27840860200013, 11.384188828000333, 9.030590778002079, 11.108748319998995, 9.720660015998874, 11.160330205002538, 8.471063340999535, 31.069321861999924, 27.676607794997835, 42.3411006009992, 32.81261802100198, 15.803470154001843, 14.634773997000593, 15.60487187200124, 20.333904077000625, 26.767933936996997, 33.26607773000069, 11.21790721599973, 8.963897446999908, 40.52530171500257, 34.302261734999774, 19.203023746002145, 45.384570201000315, 17.600875085001462, 33.69456990400067, 31.353291234001517, 34.37600271700285, 22.176086049999867, 12.722500198000489, 8.890722822001408, 12.221410799000296, 12.013122243999533, 8.973002087001078, 11.288048869002523, 9.007234595999762, 9.987709691999044, 11.934494590997929, 34.56987328999821, 27.92138335299751, 31.03138803099864, 32.01158140700136, 32.276101472001756, 14.424471431000711, 49.092922414001805, 37.569955836999725, 18.958314125997276, 15.382536603003246, 20.836865081000724, 18.118618644999515, 38.18972850100181, 10.361634259999846, 8.662536936000834, 14.242734128001757, 17.666161887998896, 35.40203916599785, 15.600005670999963, 22.574059079001017, 13.49242522500208, 10.962439786999312, 21.993688711998402, 49.16491217300063, 13.435021614001016, 32.77199452300192, 26.35480400799861, 35.811248144000274, 17.747616209002445, 17.641933262999373, 19.34448139399683, 36.50635757800046, 32.04842513699987, 13.965833508998912, 46.04761334699651, 21.91968977900251, 23.794924660000106, 33.934556724001595, 18.982500477999565, 31.90101651400255, 10.953406815999188, 15.248267432998546, 39.084287012999994, 93.00033432399869, 95.14244874799988, 16.629932755997288, 15.983768990998215, 17.055603205997613, 16.60478569600309, 20.12178691200097, 18.039376486001856, 20.536597368998628, 15.536755711000296, 17.96987212500244, 17.700262684000336, 16.87237034699865, 12.475793944999168, 11.150805473997025, 15.694115361999138, 14.463779844001692, 15.066241111002455, 15.31660272299996, 14.038068029996793, 12.84572176400252, 15.153874052000901, 20.13009688799866, 15.050339691999397, 19.781665934002376, 20.941252296997845, 15.727146998000535, 16.014931715002604, 27.37106496400156, 24.229580328003067, 15.771501966999494, 20.28156380300061, 16.007259539001097, 14.36033924900039, 17.414452925997466, 31.960151972998574, 110.15955423300329, 11.900497080001514, 57.39088779300073, 19.25997445500252, 28.908327104996715, 18.672995185999753, 11.209851892002916, 16.19700018900039, 28.25668476699866, 46.81328577900058, 22.635433452000143, 9.199484214001131, 16.5473396999987, 28.113674166001147, 15.397916631001863, 17.144662004000566, 13.930597684997338, 16.900630175001425, 12.782561539999733, 10.80818907900175, 26.67015158799768, 18.091673812999943, 29.315114105000248, 13.128290590997494, 12.253676356998767, 11.775555850999808, 8.389790501998505, 14.964941087000625, 19.690883551000297, 24.189974970002368, 59.1342597920011, 20.494925551996857]