0.0006072749999930238, 0.000773582000000772, 0.0010951880000007463, 0.00034856399999938503, 0.0008428909999977918, 0.0006356749999980593, 0.0008813979999970911, 0.0010520640000066805, 0.0007654130000034343, 0.0002635319999981789, 0.0003551240000021494, 0.00017565899999993917, 0.000517412000000661, 
9.947899999929177e-05, 9.805899999548728e-05, 0.00011303700000553363, 6.330499999762651e-05, 0.009157383999990998, 6.663400000661568e-05, 8.510899999691901e-05, 5.625400000042191e-05, 5.4672000004529764e-05, 3.8731000003622285e-05, 4.003999998758445e-05, 4.186399999639434e-05, 3.6519000005341695e-05, 
5.008500002645633e-05, 3.7460000015698824e-05, 5.7727000012164353e-05, 2.9367999985652204e-05, 7.403499998304142e-05, 6.36160000055952e-05, 8.286599998541533e-05, 5.7314000002861576e-05, 5.063800000471019e-05, 3.862799999865274e-05, 4.070299999625604e-05, 3.977000000077169e-05, 4.7604000002365865e-05, 
0.0001432340000064869, 9.691500000030828e-05, 0.00015388400001370428, 8.647999999311651e-05, 0.00012802599999872655, 0.0001104289999886987, 0.00011295000001609878, 8.774999997740451e-05, 7.579799998325143e-05, 6.008799999790426e-05, 6.0778999994681726e-05, 6.369700000163903e-05, 9.448899999142668e-05, 
5.1217999981645335e-05, 3.819599999133061e-05, 5.730699999162425e-05, 3.698800000506708e-05, 6.257799998365954e-05, 5.423400000381662e-05, 6.406399998581946e-05, 5.570199999738179e-05, 4.9939999996695406e-05, 3.846499998871877e-05, 3.911800001787924e-05, 4.022400000280868e-05, 3.656299998056056e-05, 
9.743999999045627e-05, 8.032499999899301e-05, 0.0001237170000081278, 6.199599999945349e-05, 9.185700002944941e-05, 7.870000001730659e-05, 8.251999997810344e-05, 6.251299998893955e-05, 5.1993999989008444e-05, 4.003199995850082e-05, 4.032800001141368e-05, 4.3068999957540655e-05, 4.0970999975797895e-05, 
0.00014547799997899347, 9.790099994688717e-05, 0.00015197099997976693, 9.78709999799321e-05, 0.00013801400001511865, 0.00011734800000340329, 0.00011151299997891329, 9.650800001281823e-05, 0.00011454200000571291, 6.410200001027988e-05, 6.146300000864358e-05, 6.547499998532658e-05, 8.199699999522636e-05, 
9.846999995488659e-05, 7.447699999829638e-05, 0.00010981299999457406, 6.128100000069026e-05, 0.0033551889999898776, 0.00010861999999178806, 8.628300003010736e-05, 8.444899998494293e-05, 7.51120000472838e-05, 5.880599996999081e-05, 6.35110000075656e-05, 6.179000001793611e-05, 7.845300001463329e-05, 
9.707800001024225e-05, 6.856999999627078e-05, 0.00010790600003929285, 5.776300002935386e-05, 0.00011945199997853706, 0.00010419499994895887, 0.00011269499998434185, 8.483199997044721e-05, 7.749000002377215e-05, 6.160499998486557e-05, 6.063800003630604e-05, 8.25010000085058e-05, 6.983299999774317e-05, 
0.00014069700000618468, 9.85000000355285e-05, 0.0001529640001081134, 8.540300007098267e-05, 8.496999998897081e-05, 7.312000002457353e-05, 8.315600007335888e-05, 5.455200005144434e-05, 4.8048999929051206e-05, 4.604900004778756e-05, 4.0853000086826796e-05, 4.027399995720771e-05, 3.603899995141546e-05, 


0.00014899500001774868, 0.00010879199999180855, 0.0001641190000327697, 9.272900001633388e-05, 0.060443907000035324, 0.0004952660000299147, 0.00033904099996107107, 0.0005008109999380395, 
7.151499994506594e-05, 4.894400001376198e-05, 7.57130000010875e-05, 4.0786999988995376e-05, 7.693999998537038e-05, 7.147199994506082e-05, 6.317899999430665e-05, 6.37580000102389e-05, 
0.009278090999941924, 5.129999999553547e-05, 7.41310000194062e-05, 4.2974000052709016e-05, 8.03589999804899e-05, 5.5492999990747194e-05, 5.232700004853541e-05, 5.5535999990752316e-05, 
5.5469000017183134e-05, 4.7604999963368755e-05, 6.837099999756902e-05, 3.386399998817069e-05, 7.489000006444257e-05, 6.806499993672332e-05, 6.421199998385418e-05, 6.56920000210448e-05, 
6.855599997379613e-05, 4.720300000826683e-05, 7.405500002732879e-05, 3.9444999970328354e-05, 7.976699998835102e-05, 5.218499995862658e-05, 5.194400000618771e-05, 5.616600003577332e-05, 
7.190700000592187e-05, 5.035599997427198e-05, 7.562700000107725e-05, 4.084199997578253e-05, 7.086000005074311e-05, 6.696599996303121e-05, 6.725500008997187e-05, 6.523000001834589e-05, 
5.582500000400614e-05, 3.8313999993988546e-05, 5.9251000038784696e-05, 2.9199999971751822e-05, 7.034899999780464e-05, 4.786900001363392e-05, 4.813300006389909e-05, 5.193000004055648e-05, 
5.638300001464813e-05, 3.967899999679503e-05, 6.246899999950983e-05, 3.2901999929890735e-05, 6.996400009029458e-05, 6.30999999202686e-05, 4.7389999963343143e-05, 5.6974000017362414e-05, 
5.62349999881917e-05, 3.9182000023174623e-05, 6.110000003900495e-05, 2.9217000019343686e-05, 6.98670000929269e-05, 5.00149999425048e-05, 4.96259999636095e-05, 5.076799993730674e-05, 
7.107399994765728e-05, 4.911000007723487e-05, 7.482800003799639e-05, 4.0263999949274876e-05, 7.791300004100776e-05, 5.1183999971726735e-05, 5.0577000024532026e-05, 5.400199995619914e-05, 


0.00012873699995452625, 9.279400001105387e-05, 0.00013761800005340774, 7.879800000409887e-05, 0.00019094499998573156, 0.00012678400003096613, 0.00026419300002089585, 0.0002415920000657934, 0.0006151929999305139, 0.0004576479999514049, 0.0003503750000390937, 0.00019562299996778165, 0.0006063619999849834, 0.00033421199998429074, 0.00039491099994393153, 0.0005984150000131194, 0.00035486799993122986, 0.0006391979999307296, 0.0008647359999258697, 0.00025197099989782146, 0.000400836000039817, 0.00027670899999066023, 0.0003607180000244625, 0.0002795899999910034, 0.0005641660000037518, 0.0004690880000453035, 0.00025315499999578606, 0.00041549399998075387, 0.00033733999998730724, 0.00028762899989942525, 0.00015573400003177085, 0.0001513939999995273, 0.0004517979999718591, 
5.001600004561624e-05, 3.3447000078012934e-05, 5.165999994005688e-05, 2.7283999997962383e-05, 0.00011387300003207201, 5.2902999982507026e-05, 8.809700000256271e-05, 6.968599996071134e-05, 7.445099993219628e-05, 9.171900001092581e-05, 7.090899998729583e-05, 5.929600001763902e-05, 7.416199991894246e-05, 6.677599992599426e-05, 6.904800000029354e-05, 8.998900000278809e-05, 7.38569999612082e-05, 7.927399997242901e-05, 8.54239999625861e-05, 7.203799998478644e-05, 7.250900000599358e-05, 7.616999994297657e-05, 6.238399998892419e-05, 6.339199990179623e-05, 7.455200000094919e-05, 7.481699992695212e-05, 7.779999998547282e-05, 7.999799993285706e-05, 7.484700006443745e-05, 6.715300003179436e-05, 5.829799999901297e-05, 6.916499989984004e-05, 8.882800000264979e-05, 
9.975699992992304e-05, 6.973900008233613e-05, 0.00010620399996241758, 5.748900002799928e-05, 0.00011733999997431965, 5.766300000686897e-05, 0.00010904999999183929, 6.0939999912079656e-05, 6.875099995795608e-05, 6.408899992038641e-05, 6.084500000724802e-05, 5.799000007300492e-05, 7.175199993980641e-05, 5.8204999959343695e-05, 6.79080000054455e-05, 7.396199998765951e-05, 6.955900005323201e-05, 7.592499991915247e-05, 8.12409999753072e-05, 7.064499993703066e-05, 7.083800005602825e-05, 7.318000007217051e-05, 6.0598999993999314e-05, 5.9517999943636823e-05, 7.250099997690995e-05, 7.157999993978592e-05, 9.571299995059235e-05, 7.466300007763493e-05, 7.201599999007158e-05, 6.41780000023573e-05, 5.694399999356392e-05, 6.539699995755655e-05, 7.074200004808517e-05, 
0.00011440100001891551, 7.51599999375685e-05, 0.00012643600007322675, 6.746899998688605e-05, 0.00012191299992991844, 5.018899992137449e-05, 7.99409999672207e-05, 6.412799996269314e-05, 6.982300010349718e-05, 6.405600004200096e-05, 6.0188000020389154e-05, 6.280299999161798e-05, 7.331400001930888e-05, 5.884899996999593e-05, 6.775400004244148e-05, 7.378899999821442e-05, 6.994800003212731e-05, 7.620900009897014e-05, 8.42279999915263e-05, 6.949199996597599e-05, 6.726399999479327e-05, 6.993699992108304e-05, 5.7154000046466535e-05, 5.6791000019984494e-05, 7.825400007277494e-05, 7.366299996647285e-05, 7.524499994815415e-05, 7.573300001695316e-05, 7.253499995840684e-05, 6.811299999753828e-05, 6.022499997015984e-05, 7.026900004802883e-05, 7.692600001973915e-05, 
0.00011771700008011976, 7.787399999870104e-05, 0.00012371099990104995, 6.603399992854975e-05, 7.892899998296343e-05, 4.195500002879271e-05, 5.475600005411252e-05, 4.366400003164017e-05, 4.7807999976612336e-05, 4.3216999983997084e-05, 3.69260000070426e-05, 3.2709999914004584e-05, 4.131599996526347e-05, 3.344800006743753e-05, 3.941199997825606e-05, 4.098500005511596e-05, 3.712799991717475e-05, 4.045800005769706e-05, 4.836099992644449e-05, 3.9648999972996535e-05, 4.789499996604718e-05, 3.7233999933050654e-05, 2.9900999948040408e-05, 2.9765000022052845e-05, 3.546199991433241e-05, 3.2899000075303775e-05, 5.7588000004216156e-05, 3.529700006765779e-05, 3.60169999567006e-05, 3.100100002484396e-05, 2.6983999987351126e-05, 3.1475000014324905e-05, 3.730699995685427e-05, 
9.920599995894008e-05, 6.84099999261889e-05, 0.0001070460000391904, 5.713899997772387e-05, 0.00012021899999581365, 5.738900006235781e-05, 7.493900000099529e-05, 6.216499991751334e-05, 6.622900002639653e-05, 0.00010172800000418647, 6.522199998926226e-05, 5.791599994608987e-05, 7.925700003852398e-05, 6.434800002352858e-05, 7.407299995065841e-05, 7.418100005907036e-05, 6.892500005051261e-05, 8.363200004168903e-05, 8.174899994628504e-05, 7.01249999792708e-05, 6.94889999977022e-05, 7.177099996624747e-05, 6.444500002089626e-05, 6.579299997611088e-05, 7.488799997190654e-05, 7.95509999989008e-05, 7.731400000920985e-05, 7.970400008616707e-05, 7.250500004829519e-05, 6.491799990726577e-05, 7.238999990022421e-05, 7.167300009314204e-05, 8.000599996194069e-05, 
0.00010040399990884907, 6.789200006096507e-05, 0.00010540400000991212, 5.679700007021893e-05, 0.00010202600003594853, 6.873600000290025e-05, 7.611799992446322e-05, 6.237900004180119e-05, 6.789100007154047e-05, 6.448900001032598e-05, 5.969400001504255e-05, 5.969300002561795e-05, 7.500000003801688e-05, 5.9800000030918454e-05, 6.768299999748706e-05, 7.560199992440175e-05, 6.996200011144538e-05, 7.738600004358887e-05, 8.197199997539428e-05, 7.150299995828391e-05, 7.041099991056399e-05, 7.193299995833513e-05, 5.9995000015078404e-05, 6.012300002566917e-05, 7.357300000876421e-05, 7.43849999480517e-05, 7.57909999720141e-05, 7.679399993776315e-05, 7.305999997697654e-05, 6.499599999187922e-05, 5.7509000043864944e-05, 6.661800000529183e-05, 7.243100003506697e-05, 
9.86100000091028e-05, 7.51589999481439e-05, 0.00011070599998674879, 6.124300000465155e-05, 0.00011205099997368961, 5.528399992726918e-05, 7.697199998801807e-05, 6.34819999731917e-05, 7.656100001440791e-05, 6.430200005524966e-05, 6.363099998907273e-05, 5.5195999948409735e-05, 6.612399999994523e-05, 5.8808000062526844e-05, 6.479199998921104e-05, 7.216400001652801e-05, 6.742899995515472e-05, 0.00010932600002888648, 0.00011820200006695813, 0.00010866200000236859, 0.00010380599997006357, 0.00011192400006621028, 0.00010329300005196274, 8.41460000629013e-05, 0.00010343300004933553, 0.00010582599998087971, 8.114400009162637e-05, 7.697399996686727e-05, 7.250099997690995e-05, 6.472600000506645e-05, 5.818800002543867e-05, 6.797799994728848e-05, 8.224900000186608e-05, 
0.0001014870000517476, 6.861500003196852e-05, 0.00010987899997871864, 5.775399995400221e-05, 8.482999999159802e-05, 5.0500999918767775e-05, 7.67409999298252e-05, 6.265900003654679e-05, 6.80380001085723e-05, 6.16909999280324e-05, 6.0393000012481934e-05, 5.79210000068997e-05, 8.198700004413695e-05, 5.852000003869762e-05, 6.749400006356154e-05, 7.329300001401862e-05, 0.00010112699999353936, 7.72619999906965e-05, 0.00010352300000704417, 7.01150000850248e-05, 6.825799994203408e-05, 7.057300001633848e-05, 7.756200000130775e-05, 5.830199995671137e-05, 7.539800003542041e-05, 7.273100004567823e-05, 7.651199996416835e-05, 7.792499991410295e-05, 7.201300002179778e-05, 6.513999994695041e-05, 5.72649998957786e-05, 6.488299993634428e-05, 7.527000002482964e-05, 
0.00010061099999347789, 6.95910000558797e-05, 0.00010831899999175221, 5.828999996992934e-05, 0.00011266000001342036, 5.34140000354455e-05, 7.795199996962765e-05, 9.479799996370275e-05, 7.037300008505554e-05, 6.366100001287123e-05, 6.131899999672896e-05, 5.995499998334708e-05, 8.460800006560021e-05, 5.9697999972740945e-05, 0.0001066880000735182, 0.00010369199992510403, 8.447000004707661e-05, 0.00010892600005263375, 0.00011143100005028828, 0.00016168199999810895, 9.516000000076019e-05, 9.676699994543014e-05, 7.984599994870223e-05, 7.931300001473574e-05, 9.849599996414327e-05, 9.70639999877676e-05, 9.948900003564631e-05, 0.00010016700002779544, 9.542200007217616e-05, 8.457499995984108e-05, 7.612799993239605e-05, 9.184099997128214e-05, 0.00012105899998005043, 


0.00018845399995370826, 0.00014122799996130198, 0.0002040849999502825, 0.000135957999987113, 0.024171546000047783, 0.00017542099999445782, 0.00029623999989780714, 0.0006228480000345371, 0.0006676619999552713, 0.00018656300005659432, 0.0007289280000577492, 0.0003792520000160948, 0.0002068510000299284, 0.0002565739999909056, 0.0003444729999273477, 0.0004060029999664039, 0.0003415529999983846, 0.0003987649999999121, 0.0007072180000022854, 0.00014031599994268618, 0.0002986399999826972, 0.0002538759999879403, 0.0001773909999656098, 0.0002637090000234821, 0.0002706309999211953, 0.0004799880000518897, 0.0005326430000422988, 0.0004790659999116542, 0.0003504690000681876, 0.0001456940000252871, 
4.916000000321219e-05, 3.716800006259291e-05, 5.364200001167774e-05, 2.8982999992877012e-05, 8.211299996219168e-05, 5.6916999938039226e-05, 4.94879999450859e-05, 5.800600001748535e-05, 5.725599999095721e-05, 5.003499995837046e-05, 5.716399994071253e-05, 4.079099994669377e-05, 5.017899991344166e-05, 4.2438000036781887e-05, 4.539099995781726e-05, 5.1606999932118924e-05, 4.996899997422588e-05, 4.8881999987315794e-05, 5.448399997476372e-05, 3.633300002547912e-05, 3.852800000458956e-05, 4.308899997340632e-05, 4.115000001547742e-05, 4.6634999989692005e-05, 4.5051000029161514e-05, 4.645400008485012e-05, 3.7005999956818414e-05, 3.911999999672844e-05, 3.035299994280649e-05, 2.4911999958021624e-05, 
0.00014513499991153367, 9.923300001446478e-05, 0.00015072900009727164, 8.640200007903331e-05, 0.00010492900003100658, 8.344600007603731e-05, 7.242699996368174e-05, 7.979499991961347e-05, 8.68260000288501e-05, 6.859399991299142e-05, 7.62350000513834e-05, 6.097999994381098e-05, 9.424799998214439e-05, 6.081999993057252e-05, 6.731000007675902e-05, 6.99859999713226e-05, 7.265199997164018e-05, 6.917500002145971e-05, 7.965800000420131e-05, 5.459500005144946e-05, 6.0084999972787045e-05, 6.888500001878128e-05, 6.641400000262365e-05, 6.918799999766634e-05, 7.279499993728678e-05, 7.497600006445282e-05, 7.083200000579382e-05, 7.411700005377497e-05, 8.523400003923598e-05, 9.00969999975132e-05, 
4.9199999921256676e-05, 3.4985000070264505e-05, 5.30240000671256e-05, 3.0366000032699958e-05, 8.206400002563896e-05, 7.506399992962542e-05, 5.979799993838242e-05, 6.80549999287905e-05, 7.135299995297828e-05, 5.070999998224579e-05, 5.256800000097428e-05, 4.2221000057907077e-05, 4.629800002931006e-05, 5.6438000001435285e-05, 4.501299997627939e-05, 5.0079999937224784e-05, 4.837599999518716e-05, 4.745299997921393e-05, 5.813299992496468e-05, 5.295500000102038e-05, 4.4183999989400036e-05, 4.372300008981256e-05, 4.284799990728061e-05, 4.247999993367557e-05, 4.728999999770167e-05, 4.0116000036505284e-05, 3.650500002549961e-05, 3.7674000054721546e-05, 2.9957000037938997e-05, 2.803099994252989e-05, 
4.851200003486156e-05, 3.3699000027809234e-05, 5.382399990594422e-05, 2.711599995564029e-05, 9.88870000355746e-05, 6.94579999844791e-05, 6.294600007095141e-05, 6.497000003946596e-05, 6.664700003966573e-05, 6.373000007897645e-05, 5.1662000032592914e-05, 4.067899999427027e-05, 4.467700000532204e-05, 3.8986000049590075e-05, 4.44549999656374e-05, 4.6613999984401744e-05, 5.052400001659407e-05, 4.647299999760435e-05, 5.363900004340394e-05, 3.614299998844217e-05, 3.843000001779728e-05, 4.2682999946919153e-05, 4.1348000081598e-05, 4.2405000044709595e-05, 4.109799999696406e-05, 3.945100002056279e-05, 3.7620999933096755e-05, 3.856099999666185e-05, 3.08670000777056e-05, 3.0839999908494065e-05, 
5.6710999956521846e-05, 4.297099997074838e-05, 6.285599999955593e-05, 2.997899991896702e-05, 8.032599998841761e-05, 7.391799999822979e-05, 5.979499997010862e-05, 6.775199994990544e-05, 7.082799993440858e-05, 5.129900000611087e-05, 5.5355999961648195e-05, 4.2108999991796736e-05, 4.673400007959572e-05, 4.114700004720362e-05, 4.432899993389583e-05, 4.637699998966127e-05, 4.6224000016081845e-05, 4.679899996062886e-05, 5.385500003285415e-05, 3.9255999922716e-05, 4.277300001831463e-05, 4.273399997600791e-05, 4.6865999934198044e-05, 4.8274000050696486e-05, 4.4676000015897444e-05, 4.4743999978891225e-05, 4.5395999904940254e-05, 4.453900010048528e-05, 3.429399998822191e-05, 3.0369000000973756e-05, 
4.8904999971455254e-05, 3.6944000044059067e-05, 6.213400001797709e-05, 3.021600002739433e-05, 0.00012525800002549659, 0.00010436200000185636, 9.694200002741127e-05, 0.00010168300002533215, 0.00010295599997789395, 7.170900005348813e-05, 8.170299997800612e-05, 6.5196000036849e-05, 7.070399999520305e-05, 6.447299995215872e-05, 6.912300000294636e-05, 7.468599994808756e-05, 8.153900000706926e-05, 7.117999996353319e-05, 0.00011568999991595774, 6.0448999988693686e-05, 8.148300003085751e-05, 6.889799999498791e-05, 6.753100001333223e-05, 7.298200000604993e-05, 7.213399999272951e-05, 7.02339999634205e-05, 6.816300003720244e-05, 7.261899997956789e-05, 5.952399999387126e-05, 5.301399994550593e-05, 
4.946499996094644e-05, 4.083799990439729e-05, 5.359399995086278e-05, 3.437700001995836e-05, 0.0001278749999755746, 0.00010927999994692073, 9.066899997378641e-05, 0.00010100999998030602, 0.00011119199996301177, 0.00010060900001462869, 0.00010310400000435038, 8.428099999946426e-05, 0.00010059100009129907, 8.431799994923495e-05, 9.195799998451548e-05, 9.841799999321665e-05, 0.00010045999999874766, 9.81199999614546e-05, 0.00010920600004737935, 7.708199996159237e-05, 5.894800005989964e-05, 6.887800009280909e-05, 6.592600004751148e-05, 6.929500000296684e-05, 7.432000006701855e-05, 7.309299996904883e-05, 6.952000001092529e-05, 7.49360000327215e-05, 6.088899999667774e-05, 5.534100000659237e-05, 
5.6357999937972636e-05, 3.92519999650176e-05, 6.114300003901008e-05, 3.241299998535396e-05, 8.706899996013817e-05, 5.56009999854723e-05, 4.83279999343722e-05, 5.3827999977329455e-05, 5.401400005666801e-05, 6.833800000549672e-05, 7.639500006462185e-05, 6.260999998630723e-05, 8.515399997577333e-05, 6.371500001023378e-05, 7.412599995859637e-05, 7.235100008529116e-05, 7.237700003770442e-05, 6.872800008750346e-05, 7.784299998547795e-05, 5.453899996155087e-05, 5.923200001234363e-05, 6.862600002932595e-05, 6.792399994992593e-05, 6.958500000564527e-05, 9.367500001644657e-05, 7.445500000358152e-05, 7.14239999979327e-05, 7.72280000091996e-05, 6.24560000233032e-05, 5.5970999937926535e-05, 
4.872700003488717e-05, 3.746300001239433e-05, 6.0381000025699905e-05, 3.370600006746827e-05, 8.885900001587288e-05, 6.436799992570741e-05, 5.602499993528909e-05, 6.605499993384001e-05, 6.659999996827537e-05, 6.917600001088431e-05, 6.920199996329757e-05, 5.639999994855316e-05, 5.2972999924350006e-05, 5.485600001975399e-05, 4.2667999991863326e-05, 4.589800005305733e-05, 4.4935000005352776e-05, 4.269699991255038e-05, 4.801700004009035e-05, 3.2089999990603246e-05, 3.4964999940712005e-05, 3.926500005491107e-05, 4.840700000841025e-05, 4.024800000479445e-05, 4.014399996776774e-05, 3.774199990402849e-05, 3.5497999988365336e-05, 3.6353000041344785e-05, 2.907700002197089e-05, 2.5471999947512813e-05, 


0.00018735200001174235, 0.00015221200010273606, 0.0002054720000614907, 0.00011452800004008168, 0.046667763999948875, 0.0006384019999359225, 0.00043588799996996386, 0.00018308100004560401, 0.0002878410000448639, 0.0002054459999953906, 0.00033403300005829806, 0.00048172199990403897, 0.0003820910000058575, 0.00032387400005973177, 0.0004504780000615938, 
5.70330000755348e-05, 3.717100003086671e-05, 5.981399999654968e-05, 3.184300010161678e-05, 0.00011994999999842548, 7.556699995348026e-05, 5.850499996995495e-05, 5.439000005935668e-05, 5.6164999932661885e-05, 4.867099994498858e-05, 5.202599993481272e-05, 6.085799998345465e-05, 4.192900007637945e-05, 5.094799996641086e-05, 5.156800000349904e-05, 
5.621200000405224e-05, 3.981400004704483e-05, 6.318300006569189e-05, 3.294999999070569e-05, 0.00010167999994337151, 6.141599999409664e-05, 6.835599992882635e-05, 5.440299992187647e-05, 5.393300000378076e-05, 4.863799995291629e-05, 4.51090000979093e-05, 5.088499995054008e-05, 4.111399994144449e-05, 4.994700009319786e-05, 6.06629999992947e-05, 
4.742899989196303e-05, 3.404500000669941e-05, 5.32730000486481e-05, 2.7060000093115377e-05, 0.00010220199999366741, 8.340599993061915e-05, 7.21669999848018e-05, 7.8136000070117e-05, 5.661699992742797e-05, 4.8594999952911166e-05, 4.653999997117353e-05, 5.4726000030314026e-05, 4.1215999999622e-05, 4.8721999974077335e-05, 4.7694000045339635e-05, 
6.99820000136242e-05, 5.175000001145236e-05, 7.784900003571238e-05, 4.1119000002254324e-05, 0.00012398900003063318, 7.355299999289855e-05, 0.00011784399998759909, 5.4556000009142736e-05, 5.374900001697824e-05, 4.585499993936537e-05, 4.637600000023667e-05, 5.2698000104101084e-05, 4.1448000047239475e-05, 4.9587000034989615e-05, 5.015900001126283e-05, 
4.997999997158331e-05, 4.0924000018094375e-05, 5.3988999979992514e-05, 3.450300005169993e-05, 0.00011840499996651488, 7.749399992462713e-05, 7.035299995550304e-05, 8.15199999806282e-05, 6.657799997356051e-05, 6.193600006554334e-05, 6.197899995186162e-05, 6.551799992848828e-05, 5.2651000032710726e-05, 6.299799997577793e-05, 5.3509999929701735e-05, 
7.16630000852092e-05, 5.0578000013956625e-05, 7.669399997212167e-05, 4.115800004456105e-05, 0.0001507299999730094, 9.717099999306811e-05, 0.00010624900005495874, 0.00010097200004111073, 0.00011408399996071239, 9.730099998250807e-05, 0.00011798000002727349, 0.00011481099988941423, 0.00010556799998084898, 0.00010904600003414089, 8.593300003667537e-05, 
5.7300000094073766e-05, 4.021099994133692e-05, 6.194100001266634e-05, 3.222200007257925e-05, 9.976400008326891e-05, 6.523299998661969e-05, 6.211600009464746e-05, 7.308200008537824e-05, 6.736399996043474e-05, 6.288499992024299e-05, 6.390600003669533e-05, 6.52240000817983e-05, 5.162200000086159e-05, 6.290999999691849e-05, 5.4160999980013e-05, 
7.193199996891053e-05, 4.699099997651501e-05, 7.436299995333684e-05, 4.072500007623603e-05, 0.00010157500003060704, 5.7749999996303814e-05, 4.841500003749388e-05, 5.0930000043081236e-05, 5.2457000037975376e-05, 4.4948999970984005e-05, 4.407899996294873e-05, 5.125700010921719e-05, 3.919999994650425e-05, 5.296699998780241e-05, 4.419300000790827e-05, 
4.917100000056962e-05, 3.6170000043966866e-05, 6.124699996234995e-05, 3.215300000647403e-05, 0.00011669699995309202, 6.860899998173409e-05, 6.148500006020186e-05, 5.6059000030472816e-05, 5.267999995339778e-05, 4.7742999981892353e-05, 4.7078999955374456e-05, 4.977600008260197e-05, 4.29059999760284e-05, 4.8891999995248625e-05, 5.2640000035353296e-05, 


0.0001841759999479109, 0.00012194800001452677, 0.00018928500003312365, 0.00010562900001787057, 0.00040212899989455764, 0.000394293999988804, 0.0001863500000354179, 0.00020852500006185437, 0.0003608840000879354, 0.0003816049999159077, 0.00046967299999778334, 0.00018241600002966152, 0.0003514339999810545, 0.0002112770000621822, 0.00019509200001266436, 0.0002740910000511576, 0.0004375659999595882, 0.0005985429999100234, 0.00015218499993352452, 0.0002193079999415204, 0.00048485900003925053, 0.0005368040000348628, 0.00015299599999707425, 0.0003926409999621683, 8.811800000785297e-05, 0.0005206690000250092, 0.000307498999973177, 0.0001604039999847373, 0.0004730260000087583, 0.00047237900002983224, 0.0003808940000453731, 0.00046063000002050103, 0.0005501080000840375, 0.00048050800000964955, 
9.933599994838005e-05, 6.937499995274266e-05, 0.00010885100004998094, 5.8306000028096605e-05, 0.00010092800005168101, 8.729099999982282e-05, 5.98599999648286e-05, 6.358999996791681e-05, 4.565999995520542e-05, 4.1666000015538884e-05, 4.058599995460099e-05, 3.304400001979957e-05, 3.3561999998710235e-05, 3.665700000965444e-05, 3.77290000415087e-05, 3.871400008392811e-05, 3.395499993530393e-05, 3.763899997011322e-05, 2.891600001930783e-05, 3.148300004340854e-05, 3.4175999985563976e-05, 3.9008000044304936e-05, 2.3290999934033607e-05, 3.4098000014637364e-05, 2.391299994997098e-05, 3.5518000004231e-05, 3.0258000037974853e-05, 2.8344000043034612e-05, 3.3675999929982936e-05, 3.261799997744674e-05, 3.231599998798629e-05, 3.711699991981732e-05, 3.21429999985412e-05, 3.573300000425661e-05, 
9.849299999586947e-05, 7.01210000215724e-05, 0.00010868799995478184, 5.907599995680357e-05, 6.399900007636461e-05, 5.6120999943232164e-05, 5.317400007243123e-05, 5.7874000049196184e-05, 4.921799995827314e-05, 4.545499996311264e-05, 5.827899997257191e-05, 5.112799999551498e-05, 4.310600002099818e-05, 4.701599993950367e-05, 4.8575999926470104e-05, 5.179100003260828e-05, 3.775700008645799e-05, 3.5976000049231516e-05, 2.9079000000820088e-05, 3.0964999950811034e-05, 3.355900003043644e-05, 3.952099996240577e-05, 2.4070999984360242e-05, 3.326700004890881e-05, 2.3931999976412044e-05, 3.508499992221914e-05, 3.002100004323438e-05, 2.9678000032618e-05, 3.109100009623944e-05, 3.134600001430954e-05, 4.79379999660523e-05, 4.0801999944051204e-05, 3.5670999977810425e-05, 3.708600002028106e-05, 
0.00010050800005956262, 6.952100000034989e-05, 0.00011005199996816373, 5.909699996209383e-05, 6.831099994997203e-05, 5.946199996742507e-05, 4.817899991849117e-05, 5.034599996633915e-05, 4.989000001387467e-05, 4.693999994742626e-05, 4.320199991525442e-05, 3.72030000335144e-05, 3.483699993012124e-05, 3.654400006780634e-05, 3.891699998348486e-05, 4.135800008953083e-05, 3.66799999937939e-05, 3.75900000335605e-05, 2.8783999937331828e-05, 3.077299993492488e-05, 3.640700003870734e-05, 4.0493999904356315e-05, 2.6265999963470676e-05, 3.645099991445022e-05, 2.6494999929127516e-05, 3.85040000310255e-05, 3.3070999961637426e-05, 3.1019000061860424e-05, 3.547999995134887e-05, 3.4973000083482475e-05, 3.506200005176652e-05, 3.7925000015093246e-05, 3.532499999892025e-05, 3.757900003620307e-05, 
0.0001025100000333623, 7.616199991389294e-05, 0.000118726999971841, 6.329300003926619e-05, 0.0001040600000123959, 0.00011652400007733377, 7.321800012505264e-05, 7.523399995079671e-05, 7.226900015666615e-05, 7.15820001460088e-05, 7.326200011448236e-05, 6.382100013979652e-05, 5.857899986949633e-05, 6.190299995978421e-05, 6.913999982316454e-05, 7.310199998755706e-05, 6.736499994985934e-05, 6.95930000347289e-05, 5.6973000027937815e-05, 5.965500008642266e-05, 6.795800004510966e-05, 8.144299999912619e-05, 7.400599997708923e-05, 7.605800010423991e-05, 5.748199987465341e-05, 0.00011085500000262982, 6.850800014035485e-05, 9.110799987865903e-05, 7.758800006740785e-05, 8.301799994114845e-05, 7.213699996100331e-05, 7.720300004621095e-05, 6.87769997966825e-05, 0.00010923300010290404, 
0.00011839799981316901, 8.140299996739486e-05, 0.00011281999991297198, 6.287900009738223e-05, 8.473599996250414e-05, 7.904399990366073e-05, 7.37430000299355e-05, 7.690300003559969e-05, 7.457899982910021e-05, 7.339500007219613e-05, 7.39709998924809e-05, 6.559899998137553e-05, 6.112799997026741e-05, 6.713199991281726e-05, 7.100700008777494e-05, 7.564000020465755e-05, 6.681499985461414e-05, 7.043599998723948e-05, 5.634900003315124e-05, 6.0234999864405836e-05, 6.689799988635059e-05, 7.68469999457011e-05, 5.1091999921482056e-05, 6.864000010864402e-05, 5.246400019132125e-05, 7.165400006670097e-05, 6.377299996529473e-05, 6.120600005488086e-05, 6.475600002886495e-05, 6.712000003972207e-05, 6.667200000265439e-05, 7.353699993473128e-05, 6.637100000261853e-05, 7.1808000029705e-05, 
0.00014592999991691613, 0.00010120800016011344, 0.0001589870000771043, 8.626999988337047e-05, 6.659699988631473e-05, 5.8419999959369306e-05, 4.856800001107331e-05, 5.12180001805973e-05, 4.87330000851216e-05, 4.7320000021500164e-05, 4.425099996296922e-05, 3.751200006263389e-05, 3.374500010977499e-05, 3.47370000781666e-05, 3.8253000184340635e-05, 4.0943000158222276e-05, 3.5747000083574676e-05, 3.509399994072737e-05, 2.6714999876276124e-05, 2.8375000056257704e-05, 3.287300000920368e-05, 3.791199992519978e-05, 2.5993999997808714e-05, 5.0785999974323204e-05, 3.620300003603916e-05, 3.934799997296068e-05, 3.468399995654181e-05, 3.0053000045882072e-05, 3.488199990897556e-05, 3.6028999829795794e-05, 3.250899999329704e-05, 3.670000000965956e-05, 3.358999992997269e-05, 3.674799995678768e-05, 
9.765999993760488e-05, 6.95960000030027e-05, 0.00011013099992851494, 5.9491000001798966e-05, 9.060799993676483e-05, 7.815899994056963e-05, 7.3864999876605e-05, 8.0887999956758e-05, 7.652299996152578e-05, 7.506099996135163e-05, 7.588500011479482e-05, 6.57120001505973e-05, 5.889499993827485e-05, 6.160700013424503e-05, 7.017099983386288e-05, 7.187400001384958e-05, 6.737099988640693e-05, 7.05959998867911e-05, 6.580499984920607e-05, 6.798599997637211e-05, 7.426299998769537e-05, 8.134600011544535e-05, 5.58760000330949e-05, 7.438700004058774e-05, 5.547599994315533e-05, 8.12749999568041e-05, 8.654999987811607e-05, 6.417899999178189e-05, 6.671400001323491e-05, 6.869799995001813e-05, 6.912499998179555e-05, 7.475200004591898e-05, 0.00010304800002813863, 7.775000017318234e-05, 
0.0001101489999655314, 7.15349999609316e-05, 0.00011320299995531968, 6.105099987507856e-05, 6.086500002311368e-05, 5.4273999921861105e-05, 4.651200015359791e-05, 5.0490999910834944e-05, 4.7386000005644746e-05, 4.9489999810248264e-05, 4.2737000057968544e-05, 3.726600016307202e-05, 3.719400001500617e-05, 3.995499992015539e-05, 3.757700005735387e-05, 4.010099996776262e-05, 3.29150000197842e-05, 3.414999991946388e-05, 2.7348000003257766e-05, 2.9217000019343686e-05, 3.494700013106922e-05, 3.932200002054742e-05, 2.4897000002965797e-05, 3.481099997770798e-05, 2.483599996594421e-05, 3.622200006248022e-05, 3.3993999977610656e-05, 3.0119000030026655e-05, 3.578099995138473e-05, 3.3173000019814936e-05, 3.2214000157182454e-05, 3.6401999977897503e-05, 3.17520000407967e-05, 3.5267000157546136e-05, 
0.0001157439999133203, 8.051500003602996e-05, 0.00012681099997280398, 6.777900011911697e-05, 8.726300006856036e-05, 7.992700011527631e-05, 7.083300010890525e-05, 7.402799997180409e-05, 7.109000011951139e-05, 7.808400005160365e-05, 7.566699991912174e-05, 6.588999985979171e-05, 6.257400013964798e-05, 6.805599991821509e-05, 8.331099979841383e-05, 8.864300002642267e-05, 6.829499989180476e-05, 7.058599999254511e-05, 5.898499989598349e-05, 6.22390000444284e-05, 7.0263999987219e-05, 7.899899992480641e-05, 5.74250000227039e-05, 7.97130001046753e-05, 5.739700009144144e-05, 8.318200002577214e-05, 7.283299987648206e-05, 8.02100000782957e-05, 8.28180000098655e-05, 7.599500008836912e-05, 7.089799987625156e-05, 7.611000000906643e-05, 6.845100006103166e-05, 7.5134999860893e-05, 


0.00015640500009794778, 0.00012832899983550305, 0.0003277830001024995, 0.00013108999996802595, 
0.0001464380000015808, 0.000101577999885194, 0.012163979999968433, 8.46460000047955e-05, 
0.00014703400006510492, 0.00010143500003323425, 0.0001536859999760054, 8.636899997327419e-05, 
0.00011433100007707253, 8.061999983510759e-05, 0.0001261840000097436, 6.750300008206978e-05, 
0.00011466199998722004, 7.521900010942772e-05, 0.00010968400010824553, 6.144899998616893e-05, 
5.5335999832095695e-05, 4.050600000482518e-05, 6.163800003378128e-05, 3.3808000125645776e-05, 
9.621700019124546e-05, 7.178200007729174e-05, 0.00010851399997591216, 6.005400018693763e-05, 
5.655999984810478e-05, 4.297299983591074e-05, 6.189699979586294e-05, 3.4621999930095626e-05, 
9.696600000097533e-05, 7.204700000329467e-05, 0.00010742099993876764, 5.78140000015992e-05, 
9.675399996922351e-05, 6.932500014045218e-05, 0.00010566700007075269, 6.336900014503044e-05, 


0.0001040560000546975, 9.431000012227742e-05, 0.00011283799994998844, 6.188099996506935e-05, 
0.00010668799995983136, 0.00010099300016008783, 0.00011173799998687173, 6.364399996527936e-05, 
6.370000005517795e-05, 5.343299994819972e-05, 7.902400011516875e-05, 4.248300001563621e-05, 
0.00010490699992260488, 8.655700003146194e-05, 0.0001123530000768369, 6.945700010874134e-05, 
0.00010723100012910436, 0.00010037100014415046, 0.00015468800006601668, 8.516700017935364e-05, 
0.00010609700007080392, 9.463600008530193e-05, 0.00011593700014600472, 6.363800002873177e-05, 
0.00010580699995443865, 0.00010638800017659378, 0.00015749899989714322, 8.886099999472208e-05, 
0.00010692799992284563, 9.292999993704143e-05, 0.00012129599986110406, 6.499900018752669e-05, 
0.00010657899997568165, 9.2507999852387e-05, 0.00011354299999766226, 7.09160001406417e-05, 
6.504299994958274e-05, 5.8262000038666883e-05, 8.265800011031388e-05, 4.101299987269158e-05, 


0.00019440199980635953, 0.00014795600009165355, 0.00021328799994080327, 0.00011865800001942262, 0.0006677230001059797, 0.00023729800000182877, 0.0002986399999826972, 0.000547353000001749, 0.00031674799993197666, 
0.00015055700009725115, 9.871500014924095e-05, 0.0001575579999553156, 8.590900006311131e-05, 9.133900016422558e-05, 7.665499992981495e-05, 8.557500018469e-05, 0.00010120399997504137, 8.64620001266303e-05, 
9.992699983740749e-05, 7.487599987143767e-05, 0.00011047499992855592, 6.150300009721832e-05, 0.00010620800003380282, 9.536800007481361e-05, 6.420499994419515e-05, 8.142599995153432e-05, 6.463799991252017e-05, 
7.024000001365494e-05, 4.916299985779915e-05, 7.508299995606649e-05, 4.0708999904381926e-05, 0.00012322299994593777, 0.0002800449999540433, 6.387500002347224e-05, 7.340299998759292e-05, 6.326399989120546e-05, 
9.812500002226443e-05, 7.461199993485934e-05, 0.00011040800018236041, 6.186500013427576e-05, 8.95709999895189e-05, 7.846800008337596e-05, 6.470100015576463e-05, 7.313700007216539e-05, 6.378399984896532e-05, 
0.00015044500014482765, 0.00010030800012827967, 0.00015890200006651867, 7.077999998728046e-05, 0.0001120979998177063, 9.922399999595655e-05, 8.315200011566048e-05, 9.867199992186215e-05, 8.566399992560036e-05, 
5.856100005985354e-05, 4.463800019038899e-05, 9.108399990509497e-05, 4.162499999438296e-05, 0.00010962900000777154, 9.867799985840975e-05, 6.408300009752566e-05, 7.193999999799416e-05, 6.530800010295934e-05, 
0.00010099299993271416, 6.051300010767591e-05, 9.212300005856378e-05, 5.008499988434778e-05, 0.00010713599999689905, 0.0001078170000710088, 6.203499992807338e-05, 6.814100015617441e-05, 5.9630000123434e-05, 
6.637899991801532e-05, 4.709300014837936e-05, 6.435400018744986e-05, 3.884100010509428e-05, 0.00011845700009871507, 0.00010397699998065946, 6.0856000118292286e-05, 6.794799992348999e-05, 6.213400001797709e-05, 
9.839099993769196e-05, 7.583499996144383e-05, 0.00012599800015777873, 6.833499992353609e-05, 8.431399987784971e-05, 7.654799992451444e-05, 6.125400000200898e-05, 6.796799993935565e-05, 6.028699999660603e-05, 


0.00018640799999047886, 0.00013845400007994613, 0.00020810000000892614, 0.00011698899993461964, 
7.246299992402783e-05, 4.909799986307917e-05, 7.674000016777427e-05, 4.350699987298867e-05, 
5.538499999602209e-05, 3.9968999999473453e-05, 5.538499999602209e-05, 2.912299987656297e-05, 
7.141099990803923e-05, 4.8821000063981046e-05, 7.383699994534254e-05, 4.061200002070109e-05, 
4.8387000106231426e-05, 3.5543999956644257e-05, 5.347000001165725e-05, 2.953000011984841e-05, 
5.6803000006766524e-05, 4.0093000052365824e-05, 6.167400010781421e-05, 2.9289999929460464e-05, 
4.740300005323661e-05, 3.357099990353163e-05, 5.139699987921631e-05, 2.723900001910806e-05, 
5.717399994864536e-05, 4.023500014227466e-05, 5.426200004876591e-05, 2.9644999813172035e-05, 
7.048000020404288e-05, 4.743699992104666e-05, 7.54069999402418e-05, 4.4163999973534374e-05, 
7.00949999554723e-05, 4.820499998459127e-05, 7.596699992973299e-05, 3.931699984605075e-05, 


0.00010469699986970227, 7.371500009867304e-05, 0.00011202800010323699, 6.158499991215649e-05, 0.00041526700010763307, 0.0005857349999587314, 0.0005132239998602017, 0.0002989709998928447, 0.0006733520001489524, 0.00030545399999937217, 0.0003493760000310431, 0.00015110599997569807, 0.00034807699989869434, 0.00040736900018600863, 0.0004834589999518357, 0.00042923799992422573, 0.00034258000005138456, 0.0004109180001705681, 0.0001496479999332223, 0.0003452139999353676, 0.000459018999890759, 0.0007037630000468198, 0.00018230599994240038, 0.0006650630000422098, 0.00017196399994645617, 0.000293368000029659, 0.0006650539999100147, 0.000543673000038325, 0.0005537960000765452, 0.0007555939998837857, 0.0006017680000240944, 0.0004740600002151041, 0.00013346900004762574, 0.00045698000008087547, 0.0004665260000820126, 0.00027536999982658017, 0.00010953299988614162, 0.0003671219999432651, 0.0006771670000489394, 
5.688900000677677e-05, 3.892999984600465e-05, 5.435899993244675e-05, 2.9142999892428634e-05, 8.185799993043474e-05, 6.869200001347053e-05, 7.026899993434199e-05, 5.54419998479716e-05, 6.546200006596337e-05, 5.418699993242626e-05, 6.634300007135607e-05, 5.1033000090683345e-05, 6.408299987015198e-05, 6.298799985415826e-05, 7.210200010376866e-05, 6.0981000160609256e-05, 6.033800013938162e-05, 5.526900008590019e-05, 7.19189999927039e-05, 5.247800004326564e-05, 5.726400013372768e-05, 7.041899993964762e-05, 6.220700015546754e-05, 6.673600000794977e-05, 3.785100011555187e-05, 3.709199995682866e-05, 6.225200013432186e-05, 5.776000011792348e-05, 5.0076999968950986e-05, 4.5061000037094345e-05, 4.7006000158944516e-05, 4.595999985212984e-05, 3.442299998823728e-05, 3.9579000031153555e-05, 3.803999993579055e-05, 4.064600011588482e-05, 2.9689000029975432e-05, 3.420999996706087e-05, 3.998200008936692e-05, 
0.0001405719999638677, 0.00010170900009143224, 0.00015494700005547202, 8.689099990988325e-05, 8.609900010014826e-05, 8.057600007305155e-05, 8.053600004132022e-05, 6.32399999176414e-05, 7.655800004613411e-05, 6.51070001822518e-05, 6.538599996019911e-05, 5.631800013361499e-05, 7.621800000379153e-05, 7.383299998764414e-05, 7.578499980809283e-05, 7.715599986113375e-05, 6.819000009272713e-05, 7.091899988154182e-05, 6.719299994983885e-05, 6.99859999713226e-05, 0.00010585799986984057, 0.00011246200006098661, 8.692300002621778e-05, 7.907799999884446e-05, 5.5662000022493885e-05, 5.50950001070305e-05, 7.979000019986415e-05, 6.992399994487641e-05, 7.010900003479037e-05, 7.343700008277665e-05, 6.912000003467256e-05, 7.636300006197416e-05, 5.718200009141583e-05, 6.790299994463567e-05, 6.632100007664121e-05, 7.188499989752017e-05, 5.372299983719131e-05, 6.0438999980760855e-05, 7.035599992377684e-05, 
7.245300002978183e-05, 4.842999987886287e-05, 6.247900000744266e-05, 3.1500999966738163e-05, 8.555500016882434e-05, 8.06149998879846e-05, 8.330600007866451e-05, 6.57269999919663e-05, 7.760199991935224e-05, 6.646600013482384e-05, 6.991799978095514e-05, 5.775399995400221e-05, 7.891699988249457e-05, 7.765800000925083e-05, 7.981399994605454e-05, 7.810600004631851e-05, 6.826099979662104e-05, 7.343400011450285e-05, 6.79390000186686e-05, 6.986099992900563e-05, 0.00010899600010816357, 0.00010195699996984331, 8.626199996797368e-05, 7.759699997222924e-05, 5.7268000091426075e-05, 5.5720999853292597e-05, 7.798399997227534e-05, 7.077499981278379e-05, 7.115300013538217e-05, 7.321599991882977e-05, 7.003500013524899e-05, 7.433199994011375e-05, 5.6074999974953244e-05, 6.710200000270561e-05, 6.436800003939425e-05, 7.091199995556963e-05, 5.348399986360164e-05, 5.915699989600398e-05, 6.965499983380141e-05, 
5.8544000012261677e-05, 3.8989999893601635e-05, 5.9799999917231617e-05, 3.151400005663163e-05, 6.75520000186225e-05, 7.028400000308466e-05, 0.0007466170000043348, 5.259499994281214e-05, 0.0007238620000862284, 6.367099990711722e-05, 5.3305999927033554e-05, 4.709600011665316e-05, 6.412800007637998e-05, 6.67289998546039e-05, 7.107600004019332e-05, 7.110100000318198e-05, 6.019200009177439e-05, 6.656200002908008e-05, 5.347199999050645e-05, 6.104599992795556e-05, 5.8593999938238994e-05, 4.7933000132616144e-05, 6.021700005476305e-05, 5.184800011193147e-05, 3.706199981934333e-05, 4.1472000020803534e-05, 5.05179998526728e-05, 4.883499991592544e-05, 4.306000005271926e-05, 4.525099984675762e-05, 4.2201000042041414e-05, 4.565500012176926e-05, 3.454300008343125e-05, 4.16010000208189e-05, 3.879900009451376e-05, 4.085500017936283e-05, 3.051199996662035e-05, 3.83409999358264e-05, 5.698500012840668e-05, 
5.833199998050986e-05, 3.958499996770115e-05, 6.895499996062426e-05, 2.9558000051110866e-05, 0.00010470200004419894, 0.00011319200007164909, 0.00024144899998645997, 7.797500006745395e-05, 9.557400017001783e-05, 8.423899998888373e-05, 8.402399998885812e-05, 6.822599993938638e-05, 9.819600018090568e-05, 8.892999994714046e-05, 0.00010156700000152341, 0.00010905099998126389, 0.0003529000000526139, 8.644200011076464e-05, 7.904599988250993e-05, 0.00010259900000164635, 0.00010947900000246591, 8.068099987212918e-05, 8.550099983040127e-05, 7.784299987179111e-05, 5.65330001336406e-05, 5.556699989028857e-05, 7.81710000410385e-05, 6.860899998173409e-05, 7.234000008793373e-05, 7.344699997702264e-05, 6.96039999183995e-05, 7.794599991939322e-05, 5.691299998034083e-05, 8.085900003607094e-05, 7.369199988715991e-05, 7.425500007229857e-05, 5.40460000593157e-05, 6.0311999959594687e-05, 7.186800007730199e-05, 
4.901899978904112e-05, 3.3745999871825916e-05, 5.179700019652955e-05, 2.6884999897447415e-05, 9.635599985813315e-05, 0.007528227999955561, 0.0001045629999225639, 8.684599993102893e-05, 0.00010233600005449262, 0.001729164999915156, 8.180400004675903e-05, 7.454000001416716e-05, 9.584500003256835e-05, 9.12289999632776e-05, 9.790100011741742e-05, 0.00010724699995989795, 8.628199998383934e-05, 9.743500004333328e-05, 9.086299996852176e-05, 9.041299995260488e-05, 0.0001078299999335286, 8.32109999464592e-05, 8.626900012131955e-05, 7.898499984548835e-05, 5.705600005967426e-05, 5.685999985871604e-05, 7.842399986657256e-05, 7.176700000854908e-05, 7.079000010890013e-05, 7.476400014638784e-05, 8.145900005729345e-05, 7.550400005129632e-05, 5.627599989566079e-05, 6.76540000768e-05, 6.997200011937821e-05, 7.310099999813247e-05, 5.485900010171463e-05, 7.578600002489111e-05, 7.113899982869043e-05, 
9.707200001685123e-05, 6.840499986537907e-05, 0.00010752100001809595, 5.74250000227039e-05, 0.00010454599987497204, 9.831100010160299e-05, 0.00011249999988649506, 7.644400011486141e-05, 0.00018901399994319945, 9.880700008579879e-05, 9.551599987389636e-05, 8.338100019500416e-05, 0.00010179500009144249, 9.250100015378848e-05, 0.0001065079998170404, 9.080600011657225e-05, 9.394200014867238e-05, 0.00010156300004382501, 9.47640000958927e-05, 9.408699997948133e-05, 0.00013837000005878508, 8.797999998932937e-05, 8.840299983603472e-05, 8.074799984569836e-05, 5.879800005459401e-05, 5.9091999901284e-05, 7.918799997241877e-05, 8.959299998423376e-05, 7.183299999269366e-05, 9.648400009609759e-05, 7.251399983942974e-05, 7.791699999870616e-05, 5.8396999975229846e-05, 7.256000003508234e-05, 7.161999997151725e-05, 7.616900006723881e-05, 5.636500009131851e-05, 6.515299992315704e-05, 7.21449998764001e-05, 
5.7700000070326496e-05, 3.794400004153431e-05, 5.281199992168695e-05, 3.318299991406093e-05, 5.980300011287909e-05, 5.171599991626863e-05, 5.278200001157529e-05, 4.1004999957294785e-05, 5.012099995838071e-05, 5.787600002804538e-05, 4.40830001480208e-05, 3.6787999988519005e-05, 5.518800003301294e-05, 4.9324999963573646e-05, 0.00012615500008905656, 0.00010851499996533676, 4.574000013235491e-05, 4.9530000069353264e-05, 4.5185000089986715e-05, 5.8365999848319916e-05, 5.21080000908114e-05, 6.705999999212509e-05, 8.701699994162482e-05, 8.468099986203015e-05, 5.9095999858982395e-05, 5.8738999996421626e-05, 8.050299993556109e-05, 7.225499984997441e-05, 7.268500007739931e-05, 7.547199993496179e-05, 7.238099988171598e-05, 7.784700005686318e-05, 5.871699977433309e-05, 7.252199998220021e-05, 6.95880000876059e-05, 7.467199998245633e-05, 5.574500005423033e-05, 6.869999992886733e-05, 7.372400000349444e-05, 
5.698800009668048e-05, 3.961299989896361e-05, 6.0006000012435834e-05, 2.885999992940924e-05, 8.483900001010625e-05, 7.903199980319187e-05, 7.9786999776843e-05, 6.28450000021985e-05, 7.609700014654663e-05, 6.615000006604532e-05, 6.477700003415521e-05, 5.4976999990685727e-05, 0.0029592409998713265, 7.473499999832711e-05, 7.721299994045694e-05, 7.60809998610057e-05, 0.00010278599984303582, 0.0003803999998126528, 0.00019168199992236623, 7.09250000454631e-05, 0.00010458800011292624, 8.283600004688196e-05, 8.487100012644078e-05, 7.870400008869183e-05, 5.679599985342065e-05, 5.48250000065309e-05, 7.76670001414459e-05, 6.989000007706636e-05, 6.937800003470329e-05, 7.901000003585068e-05, 7.113400010894111e-05, 7.538800014117442e-05, 5.7086999959210516e-05, 7.05350000771432e-05, 8.119499989334145e-05, 7.422300018333772e-05, 5.4683999906046665e-05, 7.382600006167195e-05, 7.072399989738187e-05, 


0.0001874999998108251, 0.0001454300002023956, 0.00020380299997668772, 0.00011321900001348695, 0.00024060999999164778, 
5.651200012835034e-05, 3.848999995170743e-05, 6.0097999948993674e-05, 3.1452000030185445e-05, 8.71929998993437e-05, 
5.740200003856444e-05, 3.6693000083687366e-05, 5.654599999616039e-05, 3.398500007278926e-05, 6.368499998643529e-05, 
4.739799987873994e-05, 3.549699999894074e-05, 6.044499991730845e-05, 2.8874999998151907e-05, 6.28579998647183e-05, 
5.562800015468383e-05, 3.893300004165212e-05, 7.021100009296788e-05, 2.9920999850219232e-05, 8.589100002609484e-05, 
5.5226000085895066e-05, 3.663100005724118e-05, 6.047900001249218e-05, 3.198400008841418e-05, 9.237299991582404e-05, 
5.556699989028857e-05, 3.867000009449839e-05, 6.0098999938418274e-05, 2.8205000035086414e-05, 6.007100000715582e-05, 
9.784999997464183e-05, 6.850499994470738e-05, 0.0001351480000266747, 8.206999996218656e-05, 8.23080001737253e-05, 
5.6065999842758174e-05, 3.8849000020491076e-05, 5.396799997470225e-05, 2.8318999966359115e-05, 6.022899992785824e-05, 
7.034800000838004e-05, 4.845100011152681e-05, 7.38639998871804e-05, 3.952600013690244e-05, 0.00010713400001804985, 


0.0001868730000751384, 0.0001372629999423225, 0.00020689400002993352, 0.00011057000006076123, 0.05679450699994959, 0.00030662800008940394, 0.00017191699998875265, 0.00017373199989378918, 0.0001683940001839801, 0.00024670600009812915, 0.00027626400014924, 0.00019194800006516743, 0.0001255939998827671, 5.1410999958534376e-05, 5.6677999964449555e-05, 0.00012511999989328615, 0.0001257540000096924, 0.0002818010000282811, 0.0007229379998534569, 0.00015726699984952575, 0.0004388080001263006, 
0.0001007979999485542, 7.4357999892527e-05, 0.00011243600010857335, 6.278599994402612e-05, 0.00012300200000936456, 0.0001530790000288107, 0.00012642199999390868, 0.00014664699983768514, 0.00014039899997442262, 0.00013402400008999393, 0.00013711199994759227, 7.581999989270116e-05, 6.190699991748261e-05, 4.878400000052352e-05, 5.3063999985170085e-05, 8.628400019006222e-05, 6.663099998149846e-05, 6.518999998661457e-05, 8.360500009985117e-05, 5.739399989579397e-05, 7.309200009331107e-05, 
0.00014629099996454897, 0.00010034699994321272, 0.00015439399999195302, 8.776999993642676e-05, 0.00011238000001867476, 8.036300005187513e-05, 9.338700010630419e-05, 0.00010172400016017491, 8.047799997257243e-05, 9.292499998991843e-05, 9.944899989022815e-05, 9.615800013307307e-05, 6.457099993895099e-05, 5.409300001701922e-05, 5.833199998050986e-05, 7.831599987184745e-05, 6.906899989189696e-05, 6.426899994949054e-05, 0.00010125199992216949, 5.558500015467871e-05, 6.628099981753621e-05, 
5.675599982168933e-05, 3.737000020009873e-05, 6.174500003908179e-05, 3.072000004067377e-05, 0.00011797199999818986, 0.00011188500002390356, 7.33639999452862e-05, 8.60289999309316e-05, 6.783100002394349e-05, 7.60670000090613e-05, 0.00022944900001675705, 8.123599991449737e-05, 7.007799990788044e-05, 5.472499992720259e-05, 5.337400011740101e-05, 6.857199991827656e-05, 6.501799998659408e-05, 6.304199996520765e-05, 8.02219999513909e-05, 5.5902999974932754e-05, 6.66070000079344e-05, 
9.759500017025857e-05, 6.968200000301294e-05, 0.00010644400003911869, 5.689099998562597e-05, 0.00012257999992471014, 0.00010082899984809046, 8.786099988356e-05, 0.00011279999989710632, 8.322899998347566e-05, 9.544199997435499e-05, 9.961300020222552e-05, 0.00010894100000768958, 6.863299995529815e-05, 4.987299985259597e-05, 5.3313000080379425e-05, 7.377799988717015e-05, 6.78799999604962e-05, 6.543099993905344e-05, 7.942800016280671e-05, 5.6057000165310455e-05, 6.812499987063347e-05, 
5.702899989046273e-05, 3.915699994649913e-05, 6.0459999986051116e-05, 3.1763999913891894e-05, 0.00010606299997562019, 8.327700015797745e-05, 7.389000006696733e-05, 8.639500015306112e-05, 6.695199999739998e-05, 7.493099997191166e-05, 8.428499995716265e-05, 7.906899986664939e-05, 7.609399995089916e-05, 5.8408000086274114e-05, 5.773699990641035e-05, 7.126500008780567e-05, 6.655799984400801e-05, 6.415699999706703e-05, 0.00011369399999239249, 6.186799987517588e-05, 7.854000000406813e-05, 
9.772499993232486e-05, 7.442200012519606e-05, 0.000109382999880836, 6.317300017144589e-05, 0.00012513100000433042, 0.0001180609999664739, 0.00010543100006543682, 0.00010875899988604942, 7.82319998506864e-05, 8.903899993129016e-05, 0.0001066610000179935, 7.580300007248297e-05, 6.239499998628162e-05, 5.425100016509532e-05, 6.044000019755913e-05, 7.138399996620137e-05, 8.351199994649505e-05, 7.98260000465234e-05, 8.35910000205331e-05, 6.547299994963396e-05, 6.580600006600434e-05, 
7.015999995019229e-05, 4.7638000069127884e-05, 7.530300013058877e-05, 4.1347999967911164e-05, 0.000124648999872079, 8.048099994084623e-05, 7.241399998747511e-05, 8.216600008381647e-05, 6.6603000050236e-05, 7.328700007747102e-05, 8.125499994093843e-05, 7.737399982943316e-05, 8.748200002628437e-05, 5.19970001278125e-05, 5.330099997991056e-05, 0.00010081300001729687, 6.592800014004752e-05, 6.379499996000959e-05, 8.119900007841352e-05, 5.4831999932503095e-05, 6.486799998128845e-05, 
0.00011504600001899234, 7.536500015703496e-05, 0.0001214369999615883, 6.426599998121674e-05, 0.00012886000013168086, 0.00010355099993830663, 9.651400000620924e-05, 0.00011524699993969989, 8.13849999303784e-05, 0.00010578799992799759, 0.002816424000002371, 0.00010674600002857915, 6.682000002911082e-05, 5.226799999036302e-05, 5.5581999959031236e-05, 7.315499988180818e-05, 6.713999982821406e-05, 6.247399983294599e-05, 7.991899997250584e-05, 5.628200005958206e-05, 6.555100003424741e-05, 
9.751300012794673e-05, 7.511400008297642e-05, 0.00010739899994405278, 5.8909000017592916e-05, 0.00012306999997235835, 9.314299995821784e-05, 0.00010681100002329913, 0.00011626399987108016, 0.00010093899982166477, 0.00010555299991210632, 0.00011871799983964593, 0.00010087000009662006, 6.367199989654182e-05, 5.5468000027758535e-05, 5.7607000144344056e-05, 7.074600011947041e-05, 7.004899998719338e-05, 6.718800000271585e-05, 9.528800001135096e-05, 6.328499989649572e-05, 7.353699993473128e-05, 


0.00012670799992520188, 8.490300001540163e-05, 0.00013163499988877447, 7.138499995562597e-05, 0.00024493700016137154, 0.0005274620000363939, 0.00015222000001813285, 0.0005336040001111542, 0.0006577730000572046, 0.00016755899991949263, 0.0003250770000704506, 0.0004712840000138385, 0.00018388699982097023, 0.0003440559999035031, 0.00018640300004335586, 0.000563306999993074, 0.0005820460000904859, 0.0004681010000240349, 0.00031834400010666286, 0.00010402399993836298, 8.202999993045523e-05, 0.000500383999906262, 0.00041291100001217274, 0.00040577000004304864, 0.00029289799999787647, 
0.00011598800006140664, 7.977699988259701e-05, 0.00013445600006889435, 6.14650000443362e-05, 0.00015548900000794674, 9.510000018053688e-05, 7.325499996113649e-05, 8.413299997300783e-05, 7.909500004643633e-05, 6.23549999545503e-05, 6.90980000399577e-05, 8.189000004676927e-05, 7.10350000190374e-05, 0.00010210000004917674, 6.77640000503743e-05, 0.00011118099996565434, 7.613399998263048e-05, 7.771399987177574e-05, 8.90189999154245e-05, 7.47469998714223e-05, 7.453400007761957e-05, 7.392299994535279e-05, 9.154200006378233e-05, 7.843399998819223e-05, 7.091899988154182e-05, 
0.0001471620000756957, 0.00010036999992735218, 0.00015542999994977436, 8.773299987296923e-05, 0.009214692999876206, 0.00010332799979551055, 5.03989999742771e-05, 7.665399994039035e-05, 4.6827000005578157e-05, 3.954499993596983e-05, 4.864700008511136e-05, 6.055099993318436e-05, 5.828899998050474e-05, 5.6235999863929464e-05, 4.679199992096983e-05, 4.401999990477634e-05, 3.8463000009869575e-05, 4.081499992025783e-05, 3.886899980898306e-05, 4.874500018559047e-05, 3.6958000009690295e-05, 3.616599997258163e-05, 3.5964000062449486e-05, 3.693399980875256e-05, 4.144300010011648e-05, 
0.00014691299998048635, 0.00010292199999639706, 0.0001632519999930082, 9.350599998469988e-05, 7.681900001443864e-05, 8.245799995165726e-05, 7.140800016713911e-05, 8.145700007844425e-05, 6.784299989703868e-05, 5.923599997004203e-05, 6.608100011362694e-05, 9.250100015378848e-05, 6.975699989197892e-05, 7.410099988192087e-05, 6.748600003447791e-05, 0.0001021750001655164, 7.28530001197214e-05, 7.147499991333461e-05, 7.903999994596234e-05, 7.179199997153773e-05, 7.02179997915664e-05, 7.055600008243346e-05, 7.20780001302046e-05, 7.450699990840803e-05, 6.964299996070622e-05, 
0.00014387800001713913, 9.850400010691374e-05, 0.00015289299994947214, 8.760700006860134e-05, 6.689599990750139e-05, 5.1557999995566206e-05, 5.091499997433857e-05, 5.430999999589403e-05, 4.611899998963054e-05, 3.841399984594318e-05, 4.072999990967219e-05, 4.790699995282921e-05, 4.081500014763151e-05, 4.501699982029095e-05, 3.794799999923271e-05, 5.5422000059479615e-05, 4.9498999942443334e-05, 4.58659999367228e-05, 4.67539998680877e-05, 4.4625000100495527e-05, 4.397299994707282e-05, 4.239800000505056e-05, 4.099800003132259e-05, 4.156400018473505e-05, 3.7422000104925246e-05, 
9.949200011760695e-05, 6.958600010875671e-05, 0.00010710800006563659, 6.045300006007892e-05, 6.465000001298904e-05, 6.629099993915588e-05, 5.0739000016619684e-05, 5.486899999596062e-05, 4.6202000021366985e-05, 4.672399995797605e-05, 4.2951000068569556e-05, 4.875399986303819e-05, 4.065400003128161e-05, 4.565299991554639e-05, 3.888199989887653e-05, 5.227399992691062e-05, 4.833100001633284e-05, 4.52520000635559e-05, 4.360699995231698e-05, 4.179500001555425e-05, 4.076100003658212e-05, 4.047300012643973e-05, 4.143299997849681e-05, 4.051399992022198e-05, 3.6502000057225814e-05, 
0.0001165119999768649, 7.73980000303709e-05, 0.00012532499999906577, 6.585799997083086e-05, 6.100800010244711e-05, 6.535000011353986e-05, 4.7805000122025376e-05, 5.0907000058941776e-05, 4.539800011116313e-05, 3.724900011548016e-05, 3.955900001528789e-05, 4.5247999878483824e-05, 4.0067000099952566e-05, 4.7885000185488025e-05, 3.5487000104694744e-05, 3.958399997827655e-05, 3.411400007280463e-05, 3.853499993056175e-05, 3.744400009964011e-05, 3.4066999887727434e-05, 3.440399996179622e-05, 3.881500015268102e-05, 3.507799988256011e-05, 3.70640000255662e-05, 3.3070999961637426e-05, 
0.00011814800018328242, 7.76169999880949e-05, 0.00012651099996219273, 6.639200000790879e-05, 0.00010950499972750549, 8.03439997980604e-05, 7.362500036833808e-05, 8.115500031635747e-05, 7.297600041056285e-05, 6.21160002083343e-05, 6.658700021944242e-05, 8.11079999039066e-05, 7.177599991337047e-05, 0.00013248100003693253, 9.409299991602893e-05, 8.007599990378367e-05, 7.238399984998978e-05, 7.384299988189014e-05, 7.371199990302557e-05, 7.28209997760132e-05, 7.276699989233748e-05, 7.124900002963841e-05, 7.218000018838211e-05, 7.466999977623345e-05, 7.099599997673067e-05, 
0.00015457000017704559, 0.00010815700034072506, 0.00018924799996966613, 8.490299978802796e-05, 6.548900000780122e-05, 5.219100012254785e-05, 4.8985999910655664e-05, 5.363399986890727e-05, 4.4688999878417235e-05, 3.762699998333119e-05, 4.023199971925351e-05, 4.6954000026744325e-05, 6.198299979587318e-05, 5.361400008041528e-05, 5.2223999773559626e-05, 4.9510999815538526e-05, 4.417199988893117e-05, 4.317999992053956e-05, 4.2873999973380705e-05, 4.0594999973109225e-05, 3.9852000099926954e-05, 4.0344999888475286e-05, 4.3059999825345585e-05, 4.2256000142515404e-05, 4.295600001569255e-05, 
0.00011606099997152342, 8.088999993560719e-05, 0.00012755199986713706, 6.285900008151657e-05, 0.00010424000038256054, 9.009399991555256e-05, 7.327999992412515e-05, 8.133700021062396e-05, 7.165400029407465e-05, 6.0835000113002025e-05, 6.702100017719204e-05, 8.124700025291531e-05, 7.266800002980744e-05, 7.743300011497922e-05, 7.578900022053858e-05, 8.013400019990513e-05, 7.366199997704825e-05, 7.460100005118875e-05, 7.28910003999772e-05, 7.47569997656683e-05, 7.267699993462884e-05, 7.427399987136596e-05, 7.337399983953219e-05, 7.444499988196185e-05, 6.872799986012978e-05, 


0.00010375700003351085, 7.591300027343095e-05, 0.0001119789999393106, 6.325599997580866e-05, 0.00021621599989885, 0.00015397499964819872, 5.165499987924704e-05, 0.0006015310000293539, 0.0005680039998878783, 0.0006226200002856785, 0.00016393800024161465, 0.0001783550001164258, 0.0003726980003193603, 0.0007013239996922493, 0.0006805280004300585, 0.0005352590001166391, 0.0006585119999726885, 0.0006863849998808291, 0.0005711879998671066, 0.0005308630002218706, 0.000540714000180742, 0.0006779909999750089, 0.0001961319999281841, 0.0003585049998946488, 0.000433616999998776, 0.0005252219998510554, 0.0006119299996498739, 0.000464064999960101, 0.0004672229997595423, 0.00019516599968483206, 0.00015216700012388173, 0.00027365400001144735, 0.0003828310000244528, 0.0003071950000048673, 0.0002937690001090232, 0.00032825400012370665, 0.00030766999998377287, 0.00027466499977890635, 0.0003791549997913535, 0.0004812629999833007, 0.00019040100005440763, 0.00012234399991939426, 0.0001261690003957483, 0.00015781999991304474, 0.00020763300017279107, 0.00011638499972832506, 0.00015041599999676691, 0.00010817200018209405, 0.00035626699991553323, 0.0003458279998085345, 0.00026247799996781396, 
9.822299989536987e-05, 7.53019999137905e-05, 0.0001122790004046692, 6.286100006036577e-05, 8.28189999992901e-05, 7.469000001947279e-05, 6.343399991237675e-05, 7.653300008314545e-05, 7.73970000409463e-05, 7.7780000083294e-05, 5.6181000218202826e-05, 7.055299965941231e-05, 8.74749998729385e-05, 8.496199961882667e-05, 7.899799993538181e-05, 8.296200030599721e-05, 0.00010737400043581147, 7.876399968154146e-05, 8.28859997454856e-05, 7.08090001353412e-05, 8.982999997897423e-05, 7.418999985020491e-05, 8.795099984126864e-05, 8.286699994641822e-05, 7.255099990288727e-05, 7.525399996666238e-05, 7.062199983920436e-05, 6.909999956405954e-05, 8.172700017894385e-05, 7.215300001917058e-05, 8.322199983012979e-05, 7.889700009400258e-05, 7.364900011452846e-05, 7.489299969165586e-05, 6.159399981697788e-05, 6.553200000780635e-05, 7.204000030469615e-05, 6.940899993423955e-05, 7.58420001147897e-05, 6.999200013524387e-05, 7.122699980754987e-05, 5.378500009101117e-05, 5.307199990056688e-05, 9.391899993715924e-05, 8.560000014767866e-05, 6.265299998631235e-05, 7.490099960705265e-05, 6.802600000810344e-05, 7.555499996669823e-05, 6.706400017719716e-05, 7.577599990327144e-05, 
9.729600014907192e-05, 8.289600009447895e-05, 0.00011370299989721389, 6.316600001810002e-05, 0.00011253999991822639, 7.076400015648687e-05, 8.131999993565842e-05, 7.815999970262055e-05, 7.791300004100776e-05, 6.749700014552218e-05, 5.425400013336912e-05, 7.021700002951548e-05, 7.142999993448029e-05, 7.503400001951377e-05, 7.504299992433516e-05, 7.391999997707899e-05, 7.201700009318301e-05, 7.574400024168426e-05, 7.322700002987403e-05, 6.702700011373963e-05, 0.00011239600007684203, 7.192300017777598e-05, 6.631199994444614e-05, 6.571199992322363e-05, 6.990999963818467e-05, 7.201099970188807e-05, 6.708599994453834e-05, 6.63760001771152e-05, 7.424499972330523e-05, 7.094700004017795e-05, 6.502499991256627e-05, 6.823700005043065e-05, 7.004999997661798e-05, 7.110700016710325e-05, 6.099699976402917e-05, 6.379000024026027e-05, 6.905100008225418e-05, 7.276500036823563e-05, 7.194399995569256e-05, 6.735899978593807e-05, 7.093899967003381e-05, 5.2351999784150394e-05, 5.2458000027399976e-05, 8.283199986180989e-05, 8.039199974518851e-05, 5.93199997638294e-05, 7.370499997705338e-05, 6.484100003945059e-05, 6.837199998699361e-05, 6.259500014493824e-05, 7.027199990261579e-05, 
9.952200025509228e-05, 7.056399999783025e-05, 0.00011170299967488972, 5.9050999880128074e-05, 9.551899984217016e-05, 0.00010222499986412004, 9.026699990499765e-05, 7.531100027335924e-05, 7.680999988224357e-05, 7.137600005080458e-05, 5.991299985907972e-05, 6.913700008226442e-05, 7.534099995609722e-05, 7.771900027364609e-05, 7.675699998799246e-05, 7.66859998293512e-05, 7.544699974459945e-05, 7.593400005134754e-05, 8.373099990421906e-05, 7.239299975481117e-05, 7.2046999775921e-05, 7.196799970188295e-05, 6.752999979653396e-05, 8.965699998952914e-05, 8.18010003058589e-05, 8.185600017895922e-05, 7.734300015727058e-05, 9.294300025430857e-05, 0.0001043860002027941, 9.954500001185806e-05, 9.753799986356171e-05, 0.00010152200002266909, 7.769800004098215e-05, 9.854300014922046e-05, 7.305400004042895e-05, 8.085799981927266e-05, 7.579400016766158e-05, 7.065999989208649e-05, 7.53049998820643e-05, 9.665600009611808e-05, 7.534699989264482e-05, 5.892299986953731e-05, 5.9234999753243756e-05, 7.16409999768075e-05, 7.546300003014039e-05, 5.8368000281916466e-05, 7.357200001933961e-05, 6.983399998716777e-05, 7.375599989245529e-05, 6.438499985961244e-05, 7.300699962797808e-05, 
0.00014370200005942024, 0.00010516400016058469, 0.00013077899984637043, 6.75330002195551e-05, 6.867699994472787e-05, 7.290899975487264e-05, 4.779799974130583e-05, 5.483999984789989e-05, 5.3934000334265875e-05, 4.674899992096471e-05, 3.868100020554266e-05, 4.770599980474799e-05, 6.711200012432528e-05, 5.276800038700458e-05, 4.9325999952998245e-05, 4.895999973086873e-05, 4.7636000090278685e-05, 5.042300017521484e-05, 4.740100030176109e-05, 4.4038000396540156e-05, 4.4441000227379845e-05, 4.27259997195506e-05, 3.9924999782670056e-05, 4.449600010048016e-05, 4.3342000026314054e-05, 5.767699985881336e-05, 4.569100019580219e-05, 4.364699998404831e-05, 4.2209000184811885e-05, 4.0814000385580584e-05, 3.85410003218567e-05, 4.113100021641003e-05, 4.0147000163415214e-05, 4.028100011055358e-05, 3.154499972879421e-05, 3.4762999803206185e-05, 3.649099971880787e-05, 3.646499999376829e-05, 3.866800034302287e-05, 3.4718000279099215e-05, 3.4746999972412596e-05, 2.6824000087799504e-05, 2.671899983397452e-05, 3.643399986685836e-05, 5.104399997435394e-05, 2.9551999887189595e-05, 3.548699987732107e-05, 3.430800006753998e-05, 3.663500001493958e-05, 3.233500001442735e-05, 3.6251999972591875e-05, 
0.00011537599993971526, 7.62340000619588e-05, 0.00012336599957052385, 6.644299992331071e-05, 8.074500010479824e-05, 7.024100023045321e-05, 8.999199963000137e-05, 7.47589997445175e-05, 8.439800012638443e-05, 6.800600021961145e-05, 5.592600018644589e-05, 6.852200021967292e-05, 7.272499988175696e-05, 7.505299981858116e-05, 7.279600004039821e-05, 7.393300029434613e-05, 7.057099992380245e-05, 7.337199986068299e-05, 7.441699972332572e-05, 6.623700028285384e-05, 6.817999974373379e-05, 7.050199974401039e-05, 6.427699963751365e-05, 6.576299983862555e-05, 6.850899990240578e-05, 7.16609997652995e-05, 8.229699960793369e-05, 7.712199976595002e-05, 8.175899984053103e-05, 7.71480004004843e-05, 7.279700002982281e-05, 6.927300000825198e-05, 7.055800006128266e-05, 7.101999972292106e-05, 5.975700014460017e-05, 6.185000029290677e-05, 6.756599987056688e-05, 6.969300011405721e-05, 7.289999985005124e-05, 6.572300026164157e-05, 9.983200015994953e-05, 7.271700042110751e-05, 5.823399988003075e-05, 6.709799981763354e-05, 7.981500039022649e-05, 5.144400029166718e-05, 6.531999997605453e-05, 6.518400005006697e-05, 6.7389999912848e-05, 6.112199980634614e-05, 7.11970001248119e-05, 
9.727399992698338e-05, 8.510699990438297e-05, 0.00010899299968514242, 6.052899971109582e-05, 0.00011251099977016565, 9.390800005348865e-05, 8.045300000958377e-05, 7.651199985048152e-05, 7.875299979787087e-05, 9.63070001489541e-05, 5.6926999604911543e-05, 6.97189998390968e-05, 7.135699979698984e-05, 7.655900026293239e-05, 7.428899971273495e-05, 7.372000027316972e-05, 7.158500011428259e-05, 7.424800014632638e-05, 7.513800028391415e-05, 6.739999980709399e-05, 7.016100016699056e-05, 6.920400028320728e-05, 8.749499966143048e-05, 7.725800014668494e-05, 7.864899998821784e-05, 8.04960000095889e-05, 7.537400006185635e-05, 7.521999987147865e-05, 8.249300026363926e-05, 9.861099988484057e-05, 6.856499976493069e-05, 6.954599984965171e-05, 7.230199980767793e-05, 7.670400009374134e-05, 6.178899957376416e-05, 6.459199994424125e-05, 6.974600000830833e-05, 7.068500008244882e-05, 7.23520001884026e-05, 6.578200009244028e-05, 7.069899993439321e-05, 5.321200023900019e-05, 5.316599981597392e-05, 6.478000022980268e-05, 6.956200013519265e-05, 5.192199978409917e-05, 6.451500030379975e-05, 6.434299984903191e-05, 6.740099979651859e-05, 6.346300006043748e-05, 6.911299988132669e-05, 
9.836399976848043e-05, 7.59089998609852e-05, 0.00011108700027762097, 6.345099973259494e-05, 0.00011843699985547573, 0.00010486300016054884, 9.107400001084898e-05, 7.226700017781695e-05, 7.670200011489214e-05, 6.926100013515679e-05, 5.5144000270956894e-05, 0.0001029099998959282, 0.0001008049998745264, 0.00010521800004426041, 0.00010471699988556793, 0.00010440799997013528, 0.00010257899975840701, 0.00010449699993841932, 0.00010520799969526706, 9.660900013841456e-05, 9.962200010704692e-05, 9.94879997051612e-05, 9.443599992664531e-05, 9.342700013803551e-05, 0.00010099100018123863, 0.0001019769997583353, 9.791299999051262e-05, 0.00010466000003361842, 7.798299975547707e-05, 7.094199963830761e-05, 6.654900016656029e-05, 6.93279998813523e-05, 0.000100262999694678, 7.051100010357914e-05, 6.0371000017767074e-05, 6.26660003035795e-05, 6.964799968045554e-05, 7.275200005096849e-05, 7.344899995587184e-05, 6.671999972240883e-05, 7.003700011409819e-05, 5.2736999805347295e-05, 5.262500008029747e-05, 6.790199995521107e-05, 7.034400005068164e-05, 5.197099972065189e-05, 6.613200002902886e-05, 7.757000003039138e-05, 7.45190000088769e-05, 0.00010121900004378404, 7.717900007264689e-05, 
9.877299999061506e-05, 7.504199993491056e-05, 0.0001111990000026708, 6.21909998699266e-05, 0.00011332899975968758, 9.918099976857775e-05, 8.662900017952779e-05, 7.507899999836809e-05, 8.313499984069495e-05, 7.138299997677677e-05, 5.690299985872116e-05, 6.760599990229821e-05, 7.002399979683105e-05, 7.585299999846029e-05, 7.401799985018442e-05, 0.00011040999970646226, 7.905200027380488e-05, 7.842300010452163e-05, 7.703899973421358e-05, 7.096999979694374e-05, 7.420300016747206e-05, 7.2127000294131e-05, 6.787100028304849e-05, 7.556799982921802e-05, 7.321899965972989e-05, 7.461699988198234e-05, 7.907400004114606e-05, 7.114299978638883e-05, 7.575700010420405e-05, 7.193800001914497e-05, 0.00010269999984302558, 7.20459997864964e-05, 7.395500006168731e-05, 7.37410000510863e-05, 6.864000033601769e-05, 7.133100007195026e-05, 7.681500028411392e-05, 7.708800012551364e-05, 7.388800031549181e-05, 6.774400026188232e-05, 6.996699994488154e-05, 5.3001000196672976e-05, 5.332499995347462e-05, 6.459999985963805e-05, 6.926200012458139e-05, 5.198700000619283e-05, 6.486100028268993e-05, 6.536699993375805e-05, 6.926000014573219e-05, 6.167199990159133e-05, 7.246299992402783e-05, 
0.00010138900006495533, 7.053099989207112e-05, 0.00011075400016125059, 7.950899998832028e-05, 7.571400010419893e-05, 6.391699980667909e-05, 5.7885999922291376e-05, 7.264000032591866e-05, 7.542599996668287e-05, 6.748999976480263e-05, 7.936500014693593e-05, 6.781000001865323e-05, 7.207799990283092e-05, 7.51329998820438e-05, 7.624099998793099e-05, 7.501100026274798e-05, 7.15780001883104e-05, 7.272099992405856e-05, 7.325300020966097e-05, 6.771800008209539e-05, 7.027999981801258e-05, 7.43619998502254e-05, 6.58439998915128e-05, 6.636099988099886e-05, 7.39749998501793e-05, 7.201800008260761e-05, 6.784700008211075e-05, 6.709299987051054e-05, 7.35869998607086e-05, 6.927100002940279e-05, 6.589099984921631e-05, 6.853300010334351e-05, 7.086499999786611e-05, 7.090799999787123e-05, 6.028600000718143e-05, 6.397500010280055e-05, 6.965800002944889e-05, 6.790599991290946e-05, 7.135599980756524e-05, 6.671599976471043e-05, 6.902799987074104e-05, 5.2394999784155516e-05, 5.315199996402953e-05, 6.532899988087593e-05, 6.953799993425491e-05, 5.1509999593690736e-05, 6.493499995485763e-05, 8.299600040118094e-05, 0.00010087000009662006, 7.162300016716472e-05, 7.266400007210905e-05, 


0.00018453599977874546, 0.00013992899994264008, 0.00011029799998141243, 6.733999998687068e-05, 0.00017390800030625542, 0.0002921599998444435, 0.00013467899998431676, 0.00016212799982895376, 0.0003662899998744251, 0.00027731899990612874, 0.0001804360003916372, 0.00037193299976934213, 0.0001349419999314705, 0.00029621300018334296, 0.0004502649999267305, 0.000517145000230812, 0.00031995800009099185, 0.00034369600007266854, 0.0005051130001447746, 0.0003002389998982835, 0.00025494800001979456, 0.00017048199970304267, 0.00011417699988669483, 0.0001347759998679976, 0.0004151370003455668, 
0.0001204979998874478, 7.89360001363093e-05, 0.00012597199975061812, 6.609799993384513e-05, 0.00011961200016230578, 9.59230001171818e-05, 0.00010640700020303484, 7.64659998822026e-05, 7.91709999248269e-05, 8.551800010536681e-05, 7.263700035764487e-05, 6.695399997624918e-05, 5.408300012277323e-05, 9.295499967265641e-05, 9.922499975800747e-05, 9.9246999980096e-05, 0.000102902999969956, 8.356399985132157e-05, 9.53789999584842e-05, 8.224799967138097e-05, 8.208400004150462e-05, 9.46039999689674e-05, 0.00010028700035036309, 7.882999989305972e-05, 0.00010393800039310008, 
9.966600009647664e-05, 8.426799968219711e-05, 0.00011322799991830834, 6.128499990154523e-05, 7.187600022007246e-05, 6.89309999870602e-05, 7.012200012468384e-05, 7.255699983943487e-05, 0.00010219199975836091, 8.284499972432968e-05, 9.509400024398929e-05, 9.041000021170476e-05, 7.337899978665519e-05, 8.26569998935156e-05, 0.00010643699988577282, 9.949600007530535e-05, 0.0001044599998749618, 6.183200002851663e-05, 9.603999978935462e-05, 5.985200004943181e-05, 5.8366999837744515e-05, 6.855700030428125e-05, 7.337999977607979e-05, 5.736699995395611e-05, 7.611900036863517e-05, 
9.842000008575269e-05, 6.950199986022199e-05, 0.00010807699982251506, 5.7917000049201306e-05, 7.291199972314644e-05, 6.882400020913337e-05, 7.142600043152925e-05, 7.33580000087386e-05, 8.197899978767964e-05, 6.481999980678665e-05, 7.331000006161048e-05, 6.735699980708887e-05, 7.153300020945608e-05, 6.590000020878506e-05, 7.494800001950352e-05, 7.538899990322534e-05, 7.808500004102825e-05, 6.228600022950559e-05, 7.130800031518447e-05, 6.1021999954391504e-05, 6.807599993408076e-05, 7.368000024143839e-05, 7.732199992460664e-05, 5.942799998592818e-05, 9.417699993718998e-05, 
0.00010010100004365086, 7.565300029455102e-05, 0.0001126790002672351, 6.215900020833942e-05, 7.325900014620856e-05, 9.102800004257006e-05, 7.069499997669482e-05, 7.270700007211417e-05, 7.486599997719168e-05, 6.914300001881202e-05, 6.948200007173e-05, 6.59950001136167e-05, 5.381599976317375e-05, 6.46680000500055e-05, 7.272300035765511e-05, 0.00010796900005516363, 8.378800021091592e-05, 6.639999992330559e-05, 6.976900021982146e-05, 6.0245999975450104e-05, 5.7977999858849216e-05, 6.783200024074176e-05, 7.156699984989245e-05, 5.695099980584928e-05, 7.303500024136156e-05, 
9.904299986374099e-05, 7.125199999791221e-05, 0.00010982599997078069, 7.122499982870067e-05, 9.632199999032309e-05, 9.193100004267762e-05, 9.020000015880214e-05, 0.00010558100029811612, 7.178599980761646e-05, 6.114000007073628e-05, 6.848400016679079e-05, 6.644399991273531e-05, 5.4431000080512604e-05, 0.00010936600028799148, 7.118399980754475e-05, 7.203500035757315e-05, 7.508699991376488e-05, 6.008399986967561e-05, 6.855999981780769e-05, 6.301700022959267e-05, 5.762699993283604e-05, 6.694000012430479e-05, 7.261800010383013e-05, 5.6117999974958366e-05, 7.533200005127583e-05, 
9.955199993783026e-05, 6.851899979665177e-05, 0.00010785199992824346, 5.739800008086604e-05, 7.093899967003381e-05, 6.501500001832028e-05, 6.752699982826016e-05, 7.107100009307032e-05, 7.308000022021588e-05, 6.344299981719814e-05, 6.951299974389258e-05, 6.675000031464151e-05, 5.9484999837877695e-05, 6.447799978559487e-05, 7.331999995585647e-05, 9.866499976851628e-05, 9.916199996951036e-05, 8.222599990403978e-05, 9.399199961990234e-05, 8.306599966090289e-05, 8.299600040118094e-05, 9.757499992701923e-05, 0.00010313200027667335, 7.80059999669902e-05, 7.443999993483885e-05, 
0.00016773599963926245, 9.42179999583459e-05, 0.00016427499986093608, 8.783799967204686e-05, 7.169999980760622e-05, 6.611699973291252e-05, 6.699299956380855e-05, 7.059700010358938e-05, 7.263899988174671e-05, 6.513500011351425e-05, 8.201799982998637e-05, 7.23550001566764e-05, 6.0090999795647804e-05, 6.900299968037871e-05, 7.431300036842003e-05, 7.976599999892642e-05, 7.727100000920473e-05, 6.211399977473775e-05, 7.012500009295763e-05, 6.0539000060089165e-05, 5.8289999742555665e-05, 6.763800001863274e-05, 7.383700040008989e-05, 5.690599982699496e-05, 7.610500006194343e-05, 
9.874299985312973e-05, 7.881600004111533e-05, 0.00010872800021388684, 5.7902999742509564e-05, 7.015500023044297e-05, 6.707900001856615e-05, 6.876699990243651e-05, 6.990899964876007e-05, 7.368199976554024e-05, 6.420499994419515e-05, 6.87899996592023e-05, 6.640399988100398e-05, 5.5497000175819267e-05, 6.464099988079397e-05, 7.226200023069396e-05, 7.1812999976828e-05, 7.400999993478763e-05, 5.981799995424808e-05, 6.765499983885093e-05, 8.877399977791356e-05, 5.6695000239415094e-05, 6.694900002912618e-05, 7.271300000866177e-05, 5.670299970006454e-05, 7.25919999240432e-05, 
9.987800012822845e-05, 7.008000011410331e-05, 0.00010938400009763427, 5.767500033471151e-05, 7.015499977569561e-05, 6.872199992358219e-05, 6.94810000823054e-05, 7.892999974501436e-05, 7.323299996642163e-05, 6.160600014482043e-05, 7.34269997337833e-05, 6.911999980729888e-05, 5.752400011260761e-05, 6.640500032517593e-05, 7.316900018849992e-05, 7.278900011442602e-05, 7.555199999842444e-05, 6.166000002849614e-05, 6.910499996592989e-05, 6.162499994388781e-05, 6.737600006090361e-05, 7.221199984996929e-05, 7.372899972324376e-05, 5.8259000070393085e-05, 8.012199987206259e-05, 


4.720600009022746e-05, 3.627900014180341e-05, 6.109700007073116e-05, 3.7167000300541986e-05, 
4.7527999868179904e-05, 3.562099982445943e-05, 6.0618000134127215e-05, 4.0097000237437896e-05, 
4.7214999995048856e-05, 4.0237000121123856e-05, 6.01760002609808e-05, 2.968199987662956e-05, 
7.366699992417125e-05, 5.1993999932165025e-05, 8.230699995692703e-05, 4.471300007935497e-05, 
4.753500024889945e-05, 3.6906000332237454e-05, 6.047100032446906e-05, 3.182900036335923e-05, 
4.705799983639736e-05, 3.292600013082847e-05, 5.19549998898583e-05, 2.6657000034902012e-05, 
4.758100021717837e-05, 7.976799997777562e-05, 0.00012822000007872703, 5.100699991089641e-05, 
6.972100027269335e-05, 4.9077000312536256e-05, 7.357200001933961e-05, 3.97799999518611e-05, 
6.87040001139394e-05, 6.97049999871524e-05, 7.321000020965585e-05, 4.270800036465516e-05, 
4.704100001617917e-05, 3.5241999739810126e-05, 5.872900010217563e-05, 2.8488000225479482e-05, 


0.00046369399979084847, 0.0001440169999114005, 0.0002075769998555188, 0.00014223499965737574, 0.04062125099972036, 0.00039005899998301174, 0.0003568209999684768, 0.00017568400016898522, 0.000392121999993833, 0.0006173400001898699, 0.00027447699994809227, 0.0001677909999671101, 4.90819998049119e-05, 9.069899988389807e-05, 0.0005648890000884421, 0.0004011780001746956, 0.0004250990000400634, 
0.00017381399993610103, 5.260500029180548e-05, 8.174899994628504e-05, 4.415100011101458e-05, 0.0001636890001464053, 9.337099982076325e-05, 0.00010602200018183794, 7.618000017828308e-05, 8.579399991504033e-05, 8.400900014748913e-05, 7.362599990301533e-05, 7.378899999821442e-05, 6.678799991277629e-05, 6.0059000134060625e-05, 7.421400005114265e-05, 7.33609999770124e-05, 7.185100002971012e-05, 
0.0013152700003047357, 4.304799995225039e-05, 6.96370002515323e-05, 3.161999984513386e-05, 0.0001610539998182503, 8.688800016898313e-05, 8.178600000974257e-05, 7.736099996691337e-05, 7.557399976576562e-05, 7.328899982894654e-05, 7.18159999451018e-05, 7.41310000194062e-05, 6.643100005021552e-05, 5.876700015505776e-05, 7.207300041045528e-05, 7.272699986060616e-05, 7.092700025168597e-05, 
0.00018226499969387078, 3.943699994124472e-05, 6.424200000765268e-05, 3.107700013060821e-05, 0.0001684400003796327, 8.78649998412584e-05, 9.879399976853165e-05, 7.38910002837656e-05, 7.340299998759292e-05, 8.384399961869349e-05, 7.887700030551059e-05, 7.49020000512246e-05, 7.12589999238844e-05, 6.154399989100057e-05, 7.943100035845418e-05, 8.003499988262774e-05, 7.8790999850753e-05, 
0.0012304199999562115, 3.816299977188464e-05, 6.419600003937376e-05, 3.139499995086226e-05, 0.00016714799994588248, 9.649300000091898e-05, 7.461200038960669e-05, 7.735700000921497e-05, 7.536700013588415e-05, 7.237799991344218e-05, 6.914899995535961e-05, 7.535500026278896e-05, 6.564299974343157e-05, 5.816999964736169e-05, 7.184199967014138e-05, 0.00010719100009737303, 7.421600002999185e-05, 
0.00016707499980839202, 5.1500000154192094e-05, 8.530199966116925e-05, 4.295999997339095e-05, 0.00015597999981764588, 8.310199973493582e-05, 9.787899989532889e-05, 7.543600031567621e-05, 7.333399980780086e-05, 7.193900000856956e-05, 7.111700006134924e-05, 7.41230001040094e-05, 6.549499994434882e-05, 5.845299983775476e-05, 7.210700005089166e-05, 8.935699997891788e-05, 9.220399988407735e-05, 
0.00020604200017260155, 4.303799960325705e-05, 5.8850000186794205e-05, 3.1664000289310934e-05, 9.674400007497752e-05, 6.051699983800063e-05, 9.473899990553036e-05, 7.506499969167635e-05, 8.222499991461518e-05, 7.454199976564269e-05, 7.172699997681775e-05, 7.650099996681092e-05, 6.836100010332302e-05, 6.0646999827440595e-05, 7.527200023105252e-05, 7.485499963877373e-05, 9.064699997907155e-05, 
0.00016052499995566905, 4.146700030105421e-05, 5.680799995388952e-05, 3.1028000194055494e-05, 0.00017188399988299352, 8.66899999891757e-05, 8.333499999935157e-05, 7.49030000406492e-05, 7.872700007283129e-05, 7.402599976558122e-05, 7.109199987098691e-05, 7.584599961774074e-05, 6.785400000808295e-05, 5.96370000494062e-05, 7.526299987148377e-05, 7.518600023104227e-05, 7.386400011455407e-05, 
0.0001732269997773983, 6.529400025101495e-05, 6.015700000716606e-05, 3.0530000003636815e-05, 0.00010473300017110887, 0.00018130800026483485, 9.868600000118022e-05, 7.208400029412587e-05, 7.572000004074653e-05, 7.689099993513082e-05, 7.331200004045968e-05, 7.245300002978183e-05, 6.604700001844321e-05, 6.529900019813795e-05, 7.427400032611331e-05, 7.233899987113546e-05, 0.00010307499996997649, 
0.00012683500017374172, 4.0439000258629676e-05, 6.119799991211039e-05, 3.309599969725241e-05, 0.00011942499986616895, 4.95550002597156e-05, 5.4972999805613654e-05, 7.90129997767508e-05, 7.534299993494642e-05, 7.592700012537534e-05, 7.155899993449566e-05, 7.536000020991196e-05, 6.917300015629735e-05, 6.10369997957605e-05, 8.138999965012772e-05, 7.535400027336436e-05, 7.222600015666103e-05, 


0.00022121999973023776, 0.0001504259998910129, 0.00022879400012243423, 0.00012777299980371026, 0.036965487000088615, 
0.00014315399994302425, 0.00010065700007544365, 0.012164021999979013, 8.431900005234638e-05, 0.00018127100020137732, 
0.00011568399986572331, 8.385199998883763e-05, 0.00012877300014224602, 7.029500011412892e-05, 0.00015391300030387356, 
0.0001478979997955321, 0.00010490600016055396, 0.00015312699997593882, 8.629200010545901e-05, 0.00012881200018455274, 
9.719799982121913e-05, 9.928800000125193e-05, 0.00011133500038340571, 6.319500016616075e-05, 0.00015779800014570355, 
0.00011317600001348183, 8.048999961829395e-05, 0.00011162499959027627, 6.274700035646674e-05, 0.00015156500012381002, 
0.00014675000011266093, 0.000105457999779901, 0.00015776600002936902, 9.230400019077933e-05, 0.0007233830001496244, 
9.795200003281934e-05, 7.37430000299355e-05, 0.00010958799975924194, 6.25789998593973e-05, 0.00016762099994593882, 
0.0001426789999641187, 0.00010065700007544365, 0.00015218699991237372, 8.362400012629223e-05, 0.00015519599992330768, 
0.00011516799986566184, 7.426299998769537e-05, 0.00012498300020524766, 6.296600031419075e-05, 0.0008060879999902681, 


0.00018263999982082169, 0.00012830299965571612, 0.00019973899998149136, 0.00011148199973831652, 0.04115514399973108, 0.00017310200018982869, 0.00043433999962871894, 0.00040453900010106736, 0.0003989319998254359, 0.00042804800023077405, 0.00015528699987044092, 0.000525333000041428, 0.0005582779999713239, 0.00029908700025771395, 0.00029236499995022314, 0.00032654699998602155, 0.0002802530002554704, 0.00023792699994373834, 0.0005692290001206857, 0.000580994000301871, 0.0005331280003701977, 0.00016736299994590809, 0.0005745090002164943, 0.00034546300003057695, 0.0004144829999859212, 8.039600015763426e-05, 0.0001628600002732128, 0.0006698770002913079, 0.0005128380003043276, 0.0005399970000325993, 0.0001935570003297471, 0.0005237659997874289, 0.00015599200014548842, 0.00034648799964998034, 0.0005820870001116418, 0.0003075479999097297, 0.0004088880000381323, 0.0005984790000184148, 0.00036562699960995815, 
0.00010017099975812016, 6.892600003993721e-05, 0.0001075539998964814, 5.9469999996508704e-05, 9.511200005363207e-05, 6.121899969002698e-05, 6.613100003960426e-05, 7.758299989291118e-05, 7.657100013602758e-05, 6.627600032516057e-05, 6.050299998605624e-05, 8.068400029515033e-05, 8.333300002050237e-05, 6.0908999785169726e-05, 6.106199998612283e-05, 8.47569999677944e-05, 5.973800034553278e-05, 4.331799982537632e-05, 4.065500024807989e-05, 4.953500001647626e-05, 5.623900005957694e-05, 2.8997999834246002e-05, 3.405400002520764e-05, 2.8527000267786207e-05, 3.282799980297568e-05, 2.7426000087871216e-05, 2.9137000183254713e-05, 4.086799981450895e-05, 4.200300008960767e-05, 3.281699991930509e-05, 3.149999974993989e-05, 3.889700019499287e-05, 3.470499996183207e-05, 3.379200006747851e-05, 3.354399996169377e-05, 3.533000017341692e-05, 3.4482000046409667e-05, 3.7617999623762444e-05, 3.546500010997988e-05, 
9.874799980025273e-05, 8.803499986242969e-05, 0.00010928200026683044, 5.9035000049334485e-05, 0.003077913000197441, 0.00010299199993824004, 0.00010667200012903777, 0.0001247079999302514, 0.0001249140000254556, 0.00011180299998159171, 0.00011421399995015236, 6.965900001887348e-05, 6.867999991300167e-05, 6.641100026172353e-05, 6.616000018766499e-05, 0.0001201189998027985, 8.471699993606308e-05, 7.41359999665292e-05, 9.951699985322193e-05, 7.346799975493923e-05, 7.951799989314168e-05, 6.348199985950487e-05, 7.386100014628028e-05, 6.388000019796891e-05, 7.233499991343706e-05, 7.044699987091008e-05, 8.315600007335888e-05, 0.00012349799999356037, 8.259900005214149e-05, 7.037399973341962e-05, 7.01069998285675e-05, 8.04989999778627e-05, 7.364700013567926e-05, 7.271899994520936e-05, 7.273099981830455e-05, 7.564499992440687e-05, 8.512100021107472e-05, 7.695799968132633e-05, 7.499699995605624e-05, 
9.874899978967733e-05, 7.509299985031248e-05, 0.00011013999983333633, 6.143600012364914e-05, 0.00011223599994991673, 0.00010486900009709643, 0.00011397100024623796, 0.00010992699981215992, 0.0001205089997711184, 0.00010710800006563659, 8.380799999940791e-05, 9.89520003713551e-05, 0.00011423199975979514, 0.00011187400014023297, 0.00011393900012990343, 0.00011580399996091728, 8.313199987242115e-05, 7.134999987101764e-05, 7.324499983951682e-05, 7.271399999808636e-05, 7.375400036835345e-05, 9.943999975803308e-05, 0.0001038430000335211, 8.609700034867274e-05, 0.00010443299970575026, 8.267500015790574e-05, 8.160200013662688e-05, 0.00011119099963252665, 0.00010346099998059799, 9.162099968307302e-05, 9.251700021195575e-05, 0.00010349900003348012, 9.536200013826601e-05, 9.124600001086947e-05, 9.471200019106618e-05, 9.573399984219577e-05, 7.556899981864262e-05, 7.526599983975757e-05, 9.586199985278654e-05, 
9.987800012822845e-05, 7.493500015698373e-05, 0.00011079400019298191, 6.164400019770255e-05, 0.00012039300008837017, 9.967799996957183e-05, 0.00011266299998169416, 0.00011286100016150158, 0.00011811399963335134, 0.0001231390001521504, 9.472400006416137e-05, 7.105900021997513e-05, 6.904500014570658e-05, 6.59980000818905e-05, 6.711700007144827e-05, 0.00011802400013039005, 8.174499998858664e-05, 7.042499964882154e-05, 7.071500021993415e-05, 7.132800010367646e-05, 7.306900033654529e-05, 8.144399998855079e-05, 9.953700009646127e-05, 6.445700000767829e-05, 7.417899996653432e-05, 9.395600000061677e-05, 6.944100005057408e-05, 8.690300001035212e-05, 8.077400025285897e-05, 7.881600004111533e-05, 7.616099992446834e-05, 8.221699999921839e-05, 7.402399978673202e-05, 7.200299978649127e-05, 7.291999963854323e-05, 7.448499991369317e-05, 7.616599987159134e-05, 7.821400004104362e-05, 7.411699971271446e-05, 
9.845399972618907e-05, 9.223100005328888e-05, 0.00010703299994929694, 5.673599980582367e-05, 0.00011648700001387624, 9.883299981083837e-05, 0.00010330199984309729, 0.00011320700014039176, 9.254999986296752e-05, 8.365300027435296e-05, 6.585999972230638e-05, 7.820800010449602e-05, 8.034100028453395e-05, 9.654700033934205e-05, 9.844299984251847e-05, 0.00011726899992936524, 8.322400026372634e-05, 7.310199998755706e-05, 7.185799995568232e-05, 7.254599995576427e-05, 7.423400029438199e-05, 6.0243999996600905e-05, 7.054099978631712e-05, 5.9377000070526265e-05, 7.131999973353231e-05, 5.9115000112797134e-05, 6.209999992279336e-05, 8.772299997872324e-05, 7.937100008348352e-05, 7.93359999988752e-05, 7.66200000725803e-05, 9.71579997894878e-05, 6.940799994481495e-05, 7.026699995549279e-05, 7.52220003050752e-05, 7.197900004030089e-05, 8.419999994657701e-05, 7.795900000928668e-05, 7.690399979765061e-05, 
0.00010310300012861262, 7.420500014632125e-05, 0.0001122039998335822, 6.116100030340021e-05, 0.00010265099990647286, 7.57539996811829e-05, 8.681500003149267e-05, 9.28959998418577e-05, 8.893199992598966e-05, 9.091099991564988e-05, 8.709499979886459e-05, 9.226800011674641e-05, 0.00011046700001315912, 0.00010624700007610954, 9.807700007513631e-05, 0.00012010099999315571, 8.575800029575475e-05, 7.391999997707899e-05, 7.23600001037994e-05, 8.053000010477263e-05, 7.692300005146535e-05, 6.199499966896838e-05, 7.247600024129497e-05, 6.069000028219307e-05, 9.823000027608941e-05, 6.163599982755841e-05, 6.376200008162414e-05, 0.00013890500031266129, 9.718699993754853e-05, 8.365599978787941e-05, 7.344499999817344e-05, 8.43719999465975e-05, 7.325400019908557e-05, 7.093600015650736e-05, 7.069399998727022e-05, 7.54570000935928e-05, 0.00010850500029846444, 8.600399996794295e-05, 7.654899991393904e-05, 
0.00010178999991694582, 7.02520001141238e-05, 0.00010811399988597259, 5.9776999933092156e-05, 0.00010166299989577965, 7.544100026279921e-05, 0.00011059799999202369, 0.00011064299997087801, 0.00011131899964311742, 0.00539679800021986, 7.934899986139499e-05, 0.00010934400006590295, 0.00011690699966493412, 0.00010502599980100058, 0.0001029709997055761, 0.00011488300015116693, 8.49859998197644e-05, 7.574799974463531e-05, 7.112999992386904e-05, 7.744499998807441e-05, 7.560299991382635e-05, 7.268099989232724e-05, 0.00011086599988630041, 6.725299999743584e-05, 7.097500019881409e-05, 5.848799992236309e-05, 8.205699987229309e-05, 8.497399994666921e-05, 8.10360002105881e-05, 6.945500035726582e-05, 6.73120002829819e-05, 7.916100003058091e-05, 7.078399994497886e-05, 6.957799996598624e-05, 7.184500009316253e-05, 7.277000031535863e-05, 9.919800004354329e-05, 7.777799964969745e-05, 7.55279997974867e-05, 
0.00011753799981306656, 7.425600006172317e-05, 0.00010991299996021553, 5.813899997519911e-05, 0.00011478800024633529, 9.474900025452371e-05, 0.00011914199967577588, 0.00012108900000384892, 0.00012619899962373893, 0.00010923400031970232, 8.718000026419759e-05, 0.00011843599986605113, 0.00012038399972880143, 0.0001042889998643659, 0.00010414799999125535, 0.00011783299987655482, 8.660899993628846e-05, 7.512399997722241e-05, 6.952299963813857e-05, 7.162000019889092e-05, 7.482000000891276e-05, 6.163700027173036e-05, 6.819200007157633e-05, 5.920199964748463e-05, 6.62200000078883e-05, 5.759799978477531e-05, 6.054499999663676e-05, 8.21239996184886e-05, 8.051499980865628e-05, 7.050200019875774e-05, 6.798100002924912e-05, 0.00011419300017223577, 7.462100029442809e-05, 7.130199992388953e-05, 7.408900000882568e-05, 7.349699990299996e-05, 7.649100007256493e-05, 7.942599995658384e-05, 7.829600008335547e-05, 
9.91850001810235e-05, 8.01030000729952e-05, 0.00011041899961128365, 8.356699981959537e-05, 0.0001281220002056216, 0.00010526799997023772, 0.00011328399978083326, 0.00011891599979207967, 0.00010915199982264312, 9.823900018091081e-05, 9.291299966207589e-05, 0.0011115090001112549, 7.79260003582749e-05, 0.00011458200015113107, 0.0001020590002553945, 0.00011596700005611638, 8.138800012602587e-05, 6.861299971205881e-05, 6.95619996804453e-05, 7.014400034677237e-05, 9.970000019166037e-05, 6.507900025098934e-05, 8.326499983013491e-05, 6.265299998631235e-05, 7.22629997653712e-05, 5.952500032435637e-05, 6.355699997584452e-05, 8.563500023228698e-05, 9.916299995893496e-05, 7.286400023076567e-05, 7.102000017766841e-05, 8.08810000307858e-05, 7.440299987138133e-05, 7.303300026251236e-05, 7.424300019920338e-05, 7.450600014635711e-05, 7.59229997129296e-05, 0.00011046999998143292, 0.00010902899975917535, 


