0.004174875000003908, 0.007998929999999405, 0.006147716000000969, 0.0032513259999973343, 0.0026456800000005387, 0.009799766999996962, 0.0047552590000066175, 0.005117552000001524, 0.006836538999998254, 0.003618185999997081, 0.000664403000001812, 0.0014698989999999412, 0.0030057089999999675, 
0.0002932480000055193, 0.0003235589999945887, 0.0003007590000123628, 0.00031081400000232406, 0.00042980399999237306, 0.00038802599999598897, 0.0004242210000029445, 0.0004040299999985564, 0.00034060699999827193, 0.00036673799999675794, 0.0003945659999970985, 0.00039453200000139077, 0.00040089300000545336, 
0.00028807499998606545, 0.00031236899999953494, 0.000314467999999124, 0.00027917200000615594, 0.0004350199999976212, 0.0004423710000196479, 0.00048350099999083795, 0.0005754270000011275, 0.00047372400001677306, 0.00039751500000306805, 0.00039252700000247387, 0.00039094400000294627, 0.0003377490000104899, 
0.00045395099999723243, 0.0004888590000007298, 0.00045881400001235306, 0.000460201999999299, 0.00042895999999359447, 0.0003646579999951882, 0.0004926059999945664, 0.000456162999995513, 0.0003609149999874717, 0.00034846100001573177, 0.00039449600001262297, 0.00036814100002402483, 0.00035436999999660657, 
0.0003317280000203482, 0.0005029119999733211, 0.00037208599999871694, 0.0003405230000055326, 0.0004458469999804038, 0.0003547270000012759, 0.0004912519999891174, 0.0004470860000083121, 0.0003439809999861154, 0.00036160899998094465, 0.0004158280000012837, 0.0003696690000083436, 0.00034937200001650126, 
0.0005584879999673831, 0.0005984609999813983, 0.0005640759999891998, 0.0005580999999779124, 0.00042115299999068156, 0.0003401399999916066, 0.00041086700002779253, 0.00043552400001090064, 0.00039787100001831277, 0.0003458389999764222, 0.0003637749999825246, 0.0003511769999704484, 0.00035858600000437946, 
0.0005653929999880347, 0.0006149250000362372, 0.0005810620000374911, 0.0005815299999767376, 0.00042537299998457456, 0.000352157999998326, 0.000456748000033258, 0.0004310490000420941, 0.0003910630000518722, 0.0003606340000033015, 0.0003863090000209013, 0.00037247099999149214, 0.0003820460000270032, 
0.00035605699997631746, 0.0005972949999772936, 0.00037079399999129237, 0.0003617550000285519, 0.0004184860000009394, 0.00038371800002323653, 0.0004223660000093332, 0.0004320630000052006, 0.0003533290000063971, 0.00035850400001891103, 0.00038175399998863213, 0.00035050499997169027, 0.00032549399998060835, 
0.00029985599996962264, 0.0003365129999792771, 0.0003015349999486716, 0.00028954900000144335, 0.00043647799998325354, 0.0003513290000114466, 0.0004242249999606429, 0.0004726170000139973, 0.00034005399999159636, 0.0003405279999810773, 0.00036843399999497706, 0.00037272400004439987, 0.00034308099998270336, 
0.00037434099999700265, 0.00032792499996503466, 0.0003039110000599976, 0.00044029600007888803, 0.00042203099997095705, 0.000350040000057561, 0.00046674000009261363, 0.000462462999962554, 0.00038533400004325813, 0.000361792000035166, 0.00037466899993887637, 0.0003686510000306953, 0.000352592000012919, 


0.0011211679999405533, 0.001211268000020027, 0.0011293169999362362, 0.0011726610000550863, 0.0036644099999421087, 0.002284456999973372, 0.0025821079999559515, 0.001639966999960052, 
0.00047681699993518123, 0.0005139869999766233, 0.00046964199998456024, 0.000464702000044781, 0.0006808900000123685, 0.0003263929999093307, 0.00035062699998889, 0.0003607190000138871, 
0.0004634690000102637, 0.0005024059998959274, 0.00046865000001616863, 0.0004643820000183041, 0.0007050539999227112, 0.00031155800002125034, 0.00035055600005762244, 0.000355338999952437, 
0.0002908640000214291, 0.0003184960000908177, 0.00029827200000909215, 0.000298710000038227, 0.0007077340000023469, 0.0003528680000499662, 0.0003401669999902879, 0.000409773999990648, 
0.00028800899997349916, 0.0003144720000136658, 0.0003060660000073767, 0.00041654399990420643, 0.0006929099999979371, 0.0004625130000022182, 0.0004908269999077675, 0.0005165000000033615, 
0.00048217299990938045, 0.000509020999970744, 0.00047859800008609454, 0.0004603859999861015, 0.0006852379999600089, 0.00044604300001083175, 0.000513364999960686, 0.0005004299999882278, 
0.00046556899997085566, 0.0005063349999545608, 0.0004676549999658164, 0.00045641799999884825, 0.0006709970000429166, 0.000332339999999931, 0.0003392229999690244, 0.0003519750000577915, 
0.0002989979999483694, 0.00031828399994537904, 0.00043204899998272595, 0.0002815479999753734, 0.0006853830000181915, 0.0003322039999602566, 0.0003672190000543196, 0.00036839799997778755, 
0.0004506529999162012, 0.0004967460000671053, 0.00047911199999362, 0.00045940200004679355, 0.002076864999935424, 0.000472725999998147, 0.0005322590000105265, 0.0005106680000608321, 
0.0004885119999471499, 0.0005405329999348396, 0.0004981789999192188, 0.0004840000000285727, 0.0006655399999999645, 0.000354064000021026, 0.00036660199998550524, 0.0003801660000135598, 


0.0012876519999736047, 0.0013929369999914343, 0.001301209000075687, 0.0012638739999601967, 0.0014908749999449356, 0.0004779150000331356, 0.004451459999927465, 0.0019963820000157284, 0.0005987939999840819, 0.002105794000044625, 0.0014726809999956458, 0.0006392269999651035, 0.002317700000048717, 0.0017278760000181137, 0.0010761919999140446, 0.0013611370000035095, 0.001271500000029846, 0.0018603799999254989, 0.0016416580000395697, 0.0016743859999905908, 0.001225067000063973, 0.0007886849999749757, 0.001360098999953152, 0.0014917799999238923, 0.0008624790000339999, 0.0020677810000506724, 0.00216308700009904, 0.005072802999961823, 0.0039947949999259436, 0.001370717999975568, 0.0006183540000392895, 0.0006464660000347067, 0.0014352880000387813, 
0.0002913110000690722, 0.0003205420000540471, 0.0002964909999718657, 0.0002846660000841439, 0.0004060420000087106, 0.0003081660000816555, 0.0006128070000386288, 0.0004780439999194641, 0.00045606699995914823, 0.0005360959999052284, 0.00035752799999499985, 0.00035802599995804485, 0.00032425800009150407, 0.00038892899999609654, 0.00033980800003519107, 0.00044984299995576293, 0.0003764010000395501, 0.00040709200004585, 0.00044828600005075714, 0.00047051600006398075, 0.00039782900000773225, 0.00042919400004848285, 0.0003400000000510772, 0.0003559870000344745, 0.00038432400003785006, 0.000391984999964734, 0.00036242199996650015, 0.0005146239999476165, 0.00046792799992090295, 0.00039209900000969355, 0.0003480479999780073, 0.0003142949999528355, 0.0004903429999103537, 
0.00028588400004991854, 0.00032102499994834943, 0.0002946319999637126, 0.00028767700007392705, 0.00041411600000174076, 0.00029548899999554123, 0.0006005669999922247, 0.00047043900008247874, 0.00036787899989576545, 0.00036522499999591673, 0.00035960799993972614, 0.0003627940000114904, 0.00032830500003910856, 0.0003340120000530078, 0.00034159699998781434, 0.0004440230000000156, 0.00040286099999775615, 0.0004125130000147692, 0.0004114369999115297, 0.00037134300009711296, 0.00032936699994934315, 0.0003448360000675166, 0.0003360120000479583, 0.00033529999996062543, 0.00037429999997584673, 0.0003732210000180203, 0.0003359659999659925, 0.0004868949999945471, 0.00041471199995157804, 0.0003873340000382086, 0.00034734299993033346, 0.0003113989999974365, 0.0004000280000582279, 
0.00028256099994905526, 0.00031768500002726796, 0.00029510199999549513, 0.00028514600001017243, 0.0004521410000961623, 0.00031793499999821506, 0.000576603000013165, 0.00043564399993556435, 0.00042651800004023244, 0.0003709549999939554, 0.0003515900000365946, 0.0003597220000983725, 0.0003779740000027232, 0.00034543300000677846, 0.0003482729999859657, 0.0004393469999968147, 0.00044477899996309134, 0.00043838199997026095, 0.0004148759999225149, 0.0003581450000638142, 0.0003795560000980913, 0.0003940249999914158, 0.0004387430000178938, 0.000353494000023602, 0.00039072300000952964, 0.000382000999934462, 0.0003459769999381024, 0.00046739599997636105, 0.0004334440000093309, 0.00044647299989719613, 0.00032062700006463274, 0.0002960749999374457, 0.0003936940000812683, 
0.00028448600005503977, 0.00031705799995052075, 0.00029175800000302843, 0.0002863330000764108, 0.00040822099992965377, 0.00030987600007392757, 0.0005661630000304285, 0.00047371400000884023, 0.00038504499991631747, 0.00036563800006206293, 0.0003413560000353755, 0.0003603999999768348, 0.00032594699996479903, 0.00033137399998395267, 0.0003484410000282878, 0.0004446179999604283, 0.0004057190000139599, 0.0004649510000263035, 0.000415953000015179, 0.00036882699998841417, 0.0003368779999846083, 0.00034607399993547006, 0.00034028800007490645, 0.00033998300000348536, 0.00036911800009420404, 0.00042184400001588074, 0.0003623699999479868, 0.0004359710000017003, 0.0004156749999992826, 0.00040603899992674997, 0.0003198219999376306, 0.0002972690000433431, 0.00040673099999821716, 
0.00028262099999665224, 0.000315885999953025, 0.0002891460000000734, 0.0002794950000861718, 0.0007887089999485397, 0.0006270110000059503, 0.0008298139999851628, 0.0007107170000608676, 0.0006686430000399923, 0.0007208079999827532, 0.0006941379999716446, 0.0006948230000034528, 0.00075913099999525, 0.0006691150000506241, 0.0007330790000423804, 0.0008000329999049427, 0.0007879060000277605, 0.0007640799999535375, 0.0008816440000600778, 0.0007970219999151595, 0.0007318880000184436, 0.0007234939999989365, 0.0006711900000482274, 0.0006874260000131471, 0.000736533999997846, 0.0007209609999563327, 0.0007396959999823594, 0.0007766319999973348, 0.0007593709999582643, 0.0007311420000633007, 0.0006304769999587734, 0.0006578780000836559, 0.0007349820000399632, 
0.00028655799997068243, 0.00032489399995938584, 0.0002905439999949522, 0.0002842620000365059, 0.00041298999997252395, 0.00030233199993290327, 0.0005697949999330376, 0.00046675999999479245, 0.00038155499998993037, 0.0003819470000507863, 0.000322622999988198, 0.0003582100000585342, 0.0003337089999604359, 0.0003275520000443066, 0.00034898999990673474, 0.0004333200000701254, 0.00040489499997420353, 0.0004189850000102524, 0.0005020469999408306, 0.0003707690000283037, 0.000348933999930523, 0.00032112500002767774, 0.0003478260000520095, 0.00035927000010360644, 0.0003646820000540174, 0.0004062799999928757, 0.000379383999984384, 0.0004687470000135363, 0.0004452809999975216, 0.0003763870000739189, 0.00031571099998473073, 0.00030374900006790995, 0.00041632900001786766, 
0.0002858020000076067, 0.0003205599999773767, 0.0002957899999955771, 0.00028628799998386967, 0.0007794729999659467, 0.0006494290000773617, 0.0008665889999974752, 0.0006698070000084044, 0.0006416339999759657, 0.0007335560000001351, 0.0006706579999899986, 0.0011859779999667808, 0.0009860080000407834, 0.0009915110000520144, 0.0010177090000524913, 0.0012514640000063082, 0.0010659409999789204, 0.0007628560000512152, 0.0010901069999817992, 0.0007078639999917868, 0.0007578749999765932, 0.0006857419999732883, 0.0007556949999525386, 0.0006670139999869207, 0.0007419439999694077, 0.0007308700000976387, 0.0007074310000234618, 0.0007715849999385682, 0.0007561879999684606, 0.0007418870000037714, 0.0006274139999504769, 0.0005948930000840846, 0.0007624069999110361, 
0.0002819630000203688, 0.00030853999999180814, 0.0002865290000499954, 0.00027382000007492024, 0.00041238899996187683, 0.00030778099994677177, 0.0006063850000828097, 0.0005048279999755323, 0.00040978599997743004, 0.0005155110000032437, 0.0003471890000810163, 0.00036189000002195826, 0.0003272859999015054, 0.0003489669999225953, 0.00034295700004349783, 0.00047375799999826995, 0.0003883520000727003, 0.00040961599995625875, 0.00048030899995410437, 0.0003903239999090147, 0.0003445710000278268, 0.0003277870000601979, 0.000366588000019874, 0.0003296319999890329, 0.0003768870000158131, 0.00038693299995884445, 0.0003736820000312946, 0.00041146900002786424, 0.00044074099992030824, 0.0003770719999920402, 0.0003383109999504086, 0.0002968569999666215, 0.0007315520000474862, 
0.0002888399999392277, 0.00031977199989796645, 0.0003175900000087495, 0.00028422900004443363, 0.00040844800003014825, 0.0003141360000427085, 0.0005925140000044848, 0.0004971350000460006, 0.0004000269999551165, 0.0004175169999598438, 0.00037496800007374986, 0.00037138499999400665, 0.00036476800005402765, 0.00036578900005679316, 0.00035974200000055134, 0.0004137790000413588, 0.0003959649999387693, 0.00041833099999166734, 0.0004193700000314493, 0.0003871579999668029, 0.00035380600002099527, 0.0003825520000191318, 0.0003652690000990333, 0.0003486850000626873, 0.00037163299998610455, 0.0003865840000116805, 0.0003504189999148366, 0.00046443600001566665, 0.0004129779999857419, 0.00039427500007604976, 0.00035159699996256677, 0.0002866219999759778, 0.0004165949999332952, 


0.00121214399996461, 0.0012323480000304698, 0.00127210399989508, 0.0011309809999602294, 0.011921599999936916, 0.0020854179999787448, 0.0013483889999861276, 0.0032024639999690407, 0.0022296820000065054, 0.0007482910000362608, 0.0012743159999217823, 0.0016185619999760092, 0.0013234569998985535, 0.0013224990000253456, 0.0010287320000088584, 0.0008743170000116152, 0.0009541389999867533, 0.0009778859999869383, 0.006009903999938615, 0.0011381870000377603, 0.0006719799999928, 0.0007588130000613091, 0.0008154459999332175, 0.0012462879999475263, 0.0015239250000149696, 0.0038531779999857463, 0.0009306969999443027, 0.0018584279999913633, 0.0009290119999150193, 0.0005627259999982925, 
0.0004835940000020855, 0.0005113500000106797, 0.0005206060000091384, 0.0004729610000140383, 0.0008003929999631509, 0.0005655979999801275, 0.00045413499992719153, 0.000527647000012621, 0.0004762759999721311, 0.0005332530000714542, 0.0006931179999583037, 0.0005335050000212505, 0.0004966069999454703, 0.0004916999999977634, 0.0006280760001118324, 0.0004952570000114065, 0.0005667980000225725, 0.0005206009999483285, 0.0006463790000452718, 0.000534696999920925, 0.0005110790000344423, 0.0006015650000108508, 0.0004561420000754879, 0.0004647210000712221, 0.0005702079999991838, 0.0005206150000276466, 0.0005109170000423546, 0.0005522630000314166, 0.00043403099994065997, 0.00046725499998956366, 
0.00029225200000837503, 0.00034698599995408586, 0.0002998590000515833, 0.00028458799999953044, 0.004629556000054436, 0.0003901080000332513, 0.0003842080000140413, 0.0003523039999890898, 0.0003481950000150391, 0.00036688000000140164, 0.0004508460000351988, 0.0003873570000223481, 0.0004046630000402729, 0.0004138720000810281, 0.0004384029999755512, 0.0003624540000828347, 0.0003810380000004443, 0.00036016199999266973, 0.0004807650000202557, 0.00039126299998315517, 0.0004236150000451744, 0.0005035510000652721, 0.00031789000001936074, 0.00037458600002082676, 0.00037103800002569187, 0.00036216500006958086, 0.00033579299997654743, 0.0003745059999573641, 0.0003065500000047905, 0.00032722599996759527, 
0.0003141350000532839, 0.0003259239999806596, 0.0003077589999520569, 0.0002839050000602583, 0.000803776999987349, 0.0005456750000121247, 0.00043609299996205664, 0.0004959950000511526, 0.00047877500003323803, 0.0005230439999195369, 0.0006596910000098433, 0.0005364519998920514, 0.0005022760000201743, 0.0005518609999626278, 0.00062086899993119, 0.0004671230000212745, 0.0005883590000621552, 0.0005590870000560244, 0.000638977999983581, 0.0005091269999866199, 0.0005333530000370956, 0.0006083389999957944, 0.00043714299999919604, 0.0005026930000440188, 0.0004004090000080396, 0.0003974150000658483, 0.00034954199998082913, 0.00036221599998498277, 0.0003372889999582185, 0.0003277199999729419, 
0.0003051209999966886, 0.00032066100004612963, 0.00029654499996922823, 0.0002859660000922304, 0.0007899260000385766, 0.0003821049999714887, 0.00032833900002060545, 0.0003451989999803118, 0.0003465089999963311, 0.0003433760000461916, 0.00048388899995188694, 0.0003983000000289394, 0.00039322300006006117, 0.00038581100000101287, 0.00045786900000166497, 0.00035550399991279846, 0.0003786500000160231, 0.0003704430000652792, 0.0004209070000342763, 0.0003834579999875132, 0.0003547310000158177, 0.00043933699998888187, 0.0003082790000235036, 0.00033569599997917976, 0.00036337299991373584, 0.0003524499999230102, 0.000339214000064203, 0.00035489399999732996, 0.0003646569999773419, 0.00032292100001996005, 
0.00030037400006222015, 0.0003155590000005759, 0.00031268899999759014, 0.0002819320000071457, 0.0032253450000325756, 0.00037408800005778176, 0.00032879599996249453, 0.0003601800000296862, 0.00035904699996081035, 0.00040230699994481256, 0.00044680800010610255, 0.0003919370000176059, 0.0003926330000467715, 0.0004075140000168176, 0.0004378720000204339, 0.0004128960000571169, 0.0003879270000197721, 0.00036323199992693844, 0.00047615500000119937, 0.00037475600004199805, 0.00036281499990309385, 0.000468993000026785, 0.00031881799998245697, 0.00034314699996684794, 0.00041615700001784717, 0.0003978409999945143, 0.00034654900002806244, 0.0003574439999738388, 0.00031040500005019567, 0.00032321499998033687, 
0.00029120800002147007, 0.0003343980000636293, 0.0003095760000633163, 0.00028591800003141543, 0.0009888600000067527, 0.00037430399993354513, 0.0003732039999704284, 0.0003759090000130527, 0.00037834800002656266, 0.00034603699998569937, 0.000514379999913217, 0.0004255549999925279, 0.00046219099999689206, 0.00040683399993213243, 0.00046748100010063354, 0.0004123109999909502, 0.00037651599996024743, 0.00038454299999557406, 0.0004876930000818902, 0.0003868720000355097, 0.0003964050000604402, 0.0004042440000375791, 0.00033994000000348024, 0.0003742190000366463, 0.00036290000002736633, 0.00038102700000308687, 0.0003737609999916458, 0.0004143080000176269, 0.0004451470000503832, 0.0003229100000226026, 
0.0002996949999669596, 0.00044791799996346526, 0.0003269609999279055, 0.00029038600007424975, 0.0008058869999558738, 0.0005261959998961174, 0.0005272969999623456, 0.00042495599996072997, 0.0003689169999461228, 0.0003561859999763328, 0.00044189699997332355, 0.00041308600009415386, 0.00041570199994112045, 0.00037767000003441353, 0.0004587209999726838, 0.00036028699992129987, 0.0003893819999802872, 0.0003750029999309845, 0.0004673759999604954, 0.00037584200003948354, 0.00035447499999463616, 0.00045420499998272135, 0.00030716300000221963, 0.00048440600005505985, 0.0003649630000381876, 0.0003646380000645877, 0.00033759799998733797, 0.0003625780000220402, 0.0003006480000067313, 0.00029421600004297943, 
0.00034385599997222016, 0.0003356299999950352, 0.00032207900005687407, 0.0003005970000913294, 0.0018102669999962018, 0.0003892590000305063, 0.0003649640000276122, 0.00036364000004596164, 0.00039420100006282155, 0.0003340539999499015, 0.00046465699995223986, 0.00047684700007266656, 0.0003921840000202792, 0.0004053650000059861, 0.0004456330000266462, 0.00041966000003412773, 0.0003756879999627927, 0.0004264720000719535, 0.0004752930000222477, 0.0004247649999342684, 0.00036147999992408586, 0.00046655799997097347, 0.00045122099993477605, 0.00036975500006519724, 0.0003750319999653584, 0.00048443800005770754, 0.0004448580000371294, 0.000372504999972989, 0.0003269030000865314, 0.00029653599995072, 
0.000333739999973659, 0.0003216230001044096, 0.00029960699998810014, 0.00028241600000455946, 0.0007927119999067145, 0.0003717800000231364, 0.0003225949999432487, 0.00036781099993277167, 0.0004448699999102246, 0.00035537100006877154, 0.0004483959999106446, 0.0004005240000424237, 0.00044468199996572366, 0.0004101959999616156, 0.00044671899991044484, 0.0003586620000533003, 0.0004091159999006777, 0.0003844579999849884, 0.00045878000003085617, 0.0003816580000375325, 0.0003613370000721261, 0.00045194500000889093, 0.0003267519999781143, 0.0003379649999715184, 0.0003620889999638166, 0.00037326199992548936, 0.00032982200002606987, 0.0003617900000563168, 0.00032777499995972903, 0.00032161900003302435, 


0.0004429329999311449, 0.0004686710000214589, 0.00038637099999050406, 0.00036432199999580916, 0.06853323600000749, 0.0014172190000181217, 0.0025775880000082907, 0.00045312099996408506, 0.0011088989999734622, 0.0005058799999915209, 0.0008148450000362573, 0.0011190409999244366, 0.0010953690000405913, 0.0014070859999719687, 0.001705223000044498, 
0.00032379800006765436, 0.000323827999977766, 0.0003030600000784034, 0.00028474199996253446, 0.002761368000051334, 0.0004214790000105495, 0.00048163200006001716, 0.0003972879999309953, 0.0004692700000532568, 0.00034466299996438465, 0.0005277719999412511, 0.00046046599993587733, 0.00041029399994840787, 0.0003723490000311358, 0.0003948539999782952, 
0.0004980610000302477, 0.0005090559999416655, 0.0005034740000837701, 0.0004887890000873085, 0.0008840389999704712, 0.0005782850000741746, 0.0006457680000266919, 0.00060474199995042, 0.0006036569999423591, 0.0004307340000195836, 0.0005073629999969853, 0.00045982100004948734, 0.0004405790000419074, 0.00037339699997573916, 0.0004658369999788192, 
0.00030664200005503517, 0.00032725100004427077, 0.00033765600005608576, 0.0003428839999060074, 0.0007090230000130759, 0.00041829899998901965, 0.0004410950000419689, 0.0004569689999698312, 0.00039498000001003675, 0.0003766779999523351, 0.0005060659999571726, 0.0004845119999572489, 0.00043549000008624716, 0.00037896099991030496, 0.0004039099999317841, 
0.0003147470000612884, 0.00032630299995162204, 0.00029135399995539046, 0.000679089999948701, 0.0022736829999985275, 0.0005725409999968178, 0.0006201720000262867, 0.0005946599999333557, 0.0006041809999715042, 0.0004509880000114208, 0.000735684999995101, 0.0005965259999811678, 0.0005540760000712908, 0.0005548890000000029, 0.0003886670000383674, 
0.000293575000000601, 0.0003159350000032646, 0.0002977319999217798, 0.0002861830000711052, 0.00331876600000669, 0.00041034700007003266, 0.0004025080000928938, 0.0004318669999747726, 0.00039543599996250123, 0.00030685599995194934, 0.0005578359999844906, 0.0004836329999307054, 0.00041627399991739367, 0.0003750999999283522, 0.0003857269999798518, 
0.00047630299991396896, 0.000502757999925052, 0.0004732050000484378, 0.000454989999980171, 0.000796753999907196, 0.0005986539999867091, 0.0006112319999829197, 0.0005884530000912491, 0.0006059659999664291, 0.0004466660000161937, 0.0006670249999842781, 0.0005931309999596124, 0.000541085000008934, 0.0005561479999869334, 0.00046942000005856244, 
0.0002981799999588475, 0.00031734099991354014, 0.00029613300000619347, 0.000296037999987675, 0.0007898169999407401, 0.0004064659999585274, 0.0004342899999301153, 0.0004021270000293953, 0.0004351269999460783, 0.0003505829999994603, 0.0004745759999877919, 0.00043741600006796943, 0.00040462000004026777, 0.00036806500008879084, 0.00038908699991679896, 
0.0002965979999771662, 0.00031786899990038364, 0.00029395599995041266, 0.00028061800003342796, 0.0007934169999543883, 0.00039777299991783366, 0.00043769600006271503, 0.0003989670000237311, 0.000401892000013504, 0.00036786600003324565, 0.00048528500008160336, 0.0004939000000376836, 0.00040619300000344083, 0.0003762950000236742, 0.0004256069998973544, 
0.0004955910000035146, 0.0003606469999795081, 0.0003828229999953692, 0.00030590300002586446, 0.0011579279999978098, 0.0003956109999307955, 0.0004056110000192348, 0.00039892299992061453, 0.00039801699995223316, 0.0003136919999633392, 0.0004990649999854213, 0.0004445229999419098, 0.0004193640000949017, 0.00037954499998704705, 0.0005377229999794508, 


0.0011053649999439585, 0.001233737999996265, 0.0012557549999883122, 0.0011689130000149817, 0.0027423799999723997, 0.0018195570000898442, 0.002326026999980968, 0.0008487989999821366, 0.0014955409999402036, 0.002083455000047252, 0.0010199119999469985, 0.00038337199998750293, 0.0011715829999729976, 0.0012018649999845366, 0.0007776840000133234, 0.0012418510000316019, 0.0005691049999541065, 0.0009810819999529485, 0.0004072660000247197, 0.0006228849999843078, 0.0010125420000122176, 0.0007474060000731697, 0.0013499309999360776, 0.005815638000058243, 0.0011094369999682385, 0.0021282220000102825, 0.0007474789999832865, 0.0007570899999791436, 0.0014732520000961813, 0.0008953550000114774, 0.0004127460000518113, 0.0006858909999891694, 0.0006316760000117938, 0.001363367999942966, 
0.0003411689999666123, 0.00036311999997451494, 0.00033659100006389053, 0.0003048730000045907, 0.0004162049999649753, 0.0003784079999604728, 0.0004020730000320327, 0.0003279459999703249, 0.0003749939999124763, 0.000430721000043377, 0.00037915300003987795, 0.00032848000000740285, 0.00035407799998665723, 0.00042997899993224564, 0.00033907099998486956, 0.00035355900001832197, 0.0005051680000178749, 0.0003629550000141535, 0.00035108400004446594, 0.00035421900008714147, 0.0003770240000449121, 0.0003679239999883066, 0.0003142440000374336, 0.00030330499998854066, 0.0002864650000447, 0.00035145899994404317, 0.0002974149999772635, 0.0004337569999961488, 0.0003098299999919618, 0.00039642599995204364, 0.00034797299997535447, 0.00033495299999231065, 0.0003325740000263977, 0.00034363200006737316, 
0.0005784100000028047, 0.0006575389999170511, 0.0006121169999460108, 0.0006408819999705884, 0.0007358100000374179, 0.0007775909999736541, 0.0007943069999782892, 0.0006262399999741319, 0.0007307409999839365, 0.0007951720000392015, 0.0007770119999577219, 0.000666924000029212, 0.000704626000015196, 0.0006231630000002042, 0.0007289520000313132, 0.0006648590000395416, 0.0007591280000269762, 0.0007375409999212934, 0.0006974430000354914, 0.0006579960000863139, 0.0004067400000167254, 0.00040148400000816764, 0.0003246659999831536, 0.00030685999990964774, 0.0002962140000590807, 0.00039996999998948013, 0.0003333649999603949, 0.00038583499997457693, 0.00030323399994358624, 0.0003925020000679069, 0.00035337700001036865, 0.0003538939999998547, 0.00032706800004689285, 0.0005029870000043957, 
0.0005796489999738696, 0.0006570140000121683, 0.0006215729999894393, 0.000714970999979414, 0.0007541870000977724, 0.0007471760000044014, 0.0007601739999927304, 0.0007340980000662967, 0.0008224370000107228, 0.0007983739999417594, 0.0007236300000386109, 0.0007153239999979633, 0.0006821619999755058, 0.0006037869999317991, 0.000723868000022776, 0.0006427470000289759, 0.000730985000018336, 0.0003902969999671768, 0.0004168940000681687, 0.000383412999894972, 0.0004729739999902449, 0.00041956100005791086, 0.0003281079999624126, 0.0003277289999914501, 0.00029166100000566075, 0.00033540300000822754, 0.00032443999998577056, 0.000396696999928281, 0.0003086680000023989, 0.00039475300013691594, 0.0003702720000546833, 0.0003425630000037927, 0.00034032299981845426, 0.0003367739998338948, 
0.0005964810000023135, 0.0006479009998656693, 0.0006220010000106413, 0.0005985239999972691, 0.000746255999956702, 0.000738325999918743, 0.0007690630000070087, 0.0007398589998501848, 0.0008153080000283808, 0.0007805510001617222, 0.0007301409998490271, 0.0006524249999984022, 0.0006823050000548392, 0.000612946000046577, 0.0006692829999792593, 0.0006462789999659435, 0.0007351599999765313, 0.0007127590001800854, 0.0007075230000737065, 0.000670851999984734, 0.0007165550000536314, 0.0007231670001601742, 0.0006535689999509486, 0.0006704249999529566, 0.0005010560000755504, 0.00047985299988795305, 0.0004727470000034373, 0.00043204700000387675, 0.0003306020000763965, 0.00042944899996655295, 0.0003776460000608495, 0.00034334600013607997, 0.00033843799997157475, 0.00033363399984409625, 
0.0005834119999690301, 0.0006461979999130563, 0.0006018950000452605, 0.0006370379999225406, 0.0009383530000377505, 0.0008137780000652128, 0.0007587539998894499, 0.0006519010000829439, 0.0007335400000556547, 0.0007306590000553115, 0.0007204000000911037, 0.0006546820000039588, 0.0006681669999579753, 0.0006476959999872633, 0.000709951000089859, 0.0006397070001185057, 0.0004226629998811404, 0.00037558199983322993, 0.00035731899993152183, 0.0003567780001958454, 0.0003687899998112698, 0.00037505599993892247, 0.00032439200003864244, 0.00031735300012769585, 0.0003125580001324124, 0.0003365180000400869, 0.0003250929999012442, 0.00045258900013323, 0.00035636000006888935, 0.00041976500006057904, 0.00037251899993862025, 0.00037770200015074806, 0.0003229179999379994, 0.00034253500007253024, 
0.0005976090001240664, 0.0006435190000502189, 0.0006004849999499129, 0.0006158030000733561, 0.0010579520001101628, 0.0011048460000893101, 0.001183896999918943, 0.0009572500000558648, 0.0010624589999679301, 0.0010540410000885458, 0.0007306500001504901, 0.000662330000068323, 0.0004393289998461114, 0.0003630759999850852, 0.0003543939999417489, 0.0003816119999555667, 0.00040321400001630536, 0.000371367000070677, 0.00035953299993707333, 0.0003354890000082378, 0.0003911759999937203, 0.00039912800002639415, 0.0003484110000044893, 0.0003186640001331398, 0.0003090249999786465, 0.0004036589998577256, 0.00033905500004038913, 0.00039630100013710035, 0.0002973540001676156, 0.0003989250001268374, 0.0005073050001556112, 0.0005670589998771902, 0.00045743300006506615, 0.0005095619999337941, 
0.0006052329999874928, 0.0006613159998778428, 0.0006273069998314895, 0.0006243410000479344, 0.0004053669999848353, 0.00039269500007321767, 0.00041728199994395254, 0.00031482899998991343, 0.0004254860000401095, 0.0003987560000950907, 0.0003791839999394142, 0.00032267000005958835, 0.0003529079999680107, 0.00030901200011612673, 0.00034430000005158945, 0.00032875600004445005, 0.0003835429999980988, 0.00037651000002369983, 0.00035396500015849597, 0.0003339879999657569, 0.00036743700002261903, 0.00037915300003987795, 0.0003248580001127266, 0.00032986900009746023, 0.00030849900008433906, 0.0003495220000786503, 0.0003305010000076436, 0.00045577900004900584, 0.00036005200013278227, 0.0004265320001195505, 0.00035724800000025425, 0.0003445469999405759, 0.00033385200003976934, 0.0003463550001470139, 
0.0006025040001986781, 0.0006573050000042713, 0.0006314370000382041, 0.0006296209999163693, 0.0008060079999268055, 0.0007820849998552148, 0.0007841050000934047, 0.0007489919998988626, 0.0007419379999191733, 0.0007321450000290497, 0.0007450109999354027, 0.0006975100000090606, 0.0006597699998565076, 0.0006098799999563198, 0.0006704300001274532, 0.0006786320000173873, 0.0007295499999599997, 0.0007275759999174625, 0.000694531000135612, 0.0006819169998379948, 0.0007277679999333486, 0.0007288090000656666, 0.000710956999910195, 0.0006387179998910142, 0.0006147970000256464, 0.0006847800000286952, 0.0006515130000934732, 0.0007488440000997798, 0.000622458999941955, 0.0007826989999557554, 0.0006992190001255949, 0.00074111100002483, 0.0006889050000609132, 0.000699481000083324, 
0.0006182750000789383, 0.000654390999898169, 0.0006165839999994205, 0.0005962369998542272, 0.00040267999997922743, 0.0003852610000194545, 0.00040461799994773173, 0.0003119059999789897, 0.0003785339999922144, 0.0004056749999108433, 0.00037521600006584777, 0.00032827099994392483, 0.00035564200015869574, 0.0003223549999802344, 0.00034070699985022657, 0.0003246320000016567, 0.00043353799992473796, 0.0003768279998439539, 0.0003611940001064795, 0.00031891199978417717, 0.0003750200000922632, 0.0003671300000860356, 0.0003182860000379151, 0.0003263020000758843, 0.0002953819998765539, 0.0004049209999266168, 0.0003303469998172659, 0.0004566840000279626, 0.0003205380000963487, 0.00040266499991048477, 0.0004711359999873821, 0.00046439800007647136, 0.00046253599998635764, 0.0005033909999383468, 


0.0011578420001114864, 0.0012633139999707055, 0.001173258999870086, 0.0011960829999679845, 
0.00036664999993263336, 0.00037545800000771123, 0.00035200999991502613, 0.000344998999935342, 
0.0005613219998394925, 0.0005595830000402202, 0.0005317069999364321, 0.000502197000059823, 
0.012361194999812142, 0.000363850999974602, 0.00034734199994090886, 0.0003245759999117581, 
0.0005327230001057615, 0.0005413579999640206, 0.012683212999945681, 0.0004886670001269522, 
0.00034988200013685855, 0.00035809399992103863, 0.0003403350001462968, 0.000326016999906642, 
0.0005522429999018641, 0.0005383230000006733, 0.0005146690000401577, 0.0004798580000624497, 
0.0005243880000307399, 0.012291214000015316, 0.0005195029998503742, 0.0004940580001857597, 
0.00038254099990808754, 0.00035696600002665946, 0.00033765800003493496, 0.00031829600015953474, 
0.0006334750000860367, 0.000648822000130167, 0.0006265079998684087, 0.0006016040001668443, 


0.0006423239999548969, 0.0007557710000583029, 0.0006206840000686498, 0.0006929310000032274, 
0.00045804599994880846, 0.0004916349998893565, 0.00041964899992308347, 0.012562564000063503, 
0.01244315100007043, 0.0004417650000050344, 0.0004176859999915905, 0.0004543600000488368, 
0.0004575929999646178, 0.0004897920000530576, 0.0004098280001016974, 0.00047420800001418684, 
0.0005254099999092432, 0.000521756999887657, 0.0005141569999977946, 0.0005021920001127, 
0.0005183670000405982, 0.01264431700019486, 0.0004936360001011053, 0.00046347500006049813, 
0.0008337819999724161, 0.01279533599995375, 0.0007172359999003675, 0.0006445559999974648, 
0.0005386040002122172, 0.000519240999892645, 0.0004652729999179428, 0.012629142999912801, 
0.0005544030000237399, 0.0005652350000673323, 0.0005305810000209021, 0.0124892340002134, 
0.000550492000002123, 0.0005428729998584458, 0.0004897610001535213, 0.000516551999908188, 


0.0013657209999564657, 0.0013448540000808862, 0.0013773839998520998, 0.0012248079999608308, 0.0023094800001217664, 0.00109395599997697, 0.001018491999957405, 0.0016290059998027573, 0.0014684100001431943, 
0.000438035000115633, 0.00044947700007469393, 0.0004841830000259506, 0.0004118070000913576, 0.0004167560000496451, 0.00042849600004046806, 0.00047004400016703585, 0.000417355000081443, 0.000437003999877561, 
0.0005122499999288266, 0.0004923000001326727, 0.00045162400010667625, 0.00041084999998020066, 0.00041058400006477314, 0.00036060500019630126, 0.0004850680002164154, 0.0003900159999830066, 0.0004170869999597926, 
0.000511760000108552, 0.0004698799998550385, 0.0009831219999796303, 0.0004296280001199193, 0.000777615000060905, 0.0006650700001955556, 0.0007346329998654255, 0.0006901430001562403, 0.0007356800001616648, 
0.0005838450001647288, 0.0006222609999895212, 0.0005843039998580934, 0.0005578039999818429, 0.0006018270000822667, 0.0004520019999745273, 0.0005145400000401423, 0.0005069940000339557, 0.0004944250001699402, 
0.0010248210001009284, 0.0011051090000364638, 0.001058783999951629, 0.0010028440001406125, 0.0007688169998800731, 0.0006933780000508705, 0.0007581530001061765, 0.0007117110001217952, 0.0007802259999607486, 
0.0005667330001415394, 0.0005693969999356341, 0.0005434669999431208, 0.0005276859999412409, 0.0004348929999196116, 0.00039276000006793765, 0.0005024199999752454, 0.00043852099997820915, 0.0004580580000492773, 
0.00039044400000420865, 0.0004045800001222233, 0.0003675109999221604, 0.0003550289998202061, 0.0004093949999059987, 0.000398592000010467, 0.000468757000135156, 0.0004577909999170515, 0.00044709500002682034, 
0.0010416010002245457, 0.001077463000001444, 0.0010657029999947554, 0.0010572890000730695, 0.0012295110000195564, 0.001045139000098061, 0.0011664229998586961, 0.0010440480000397656, 0.0010885869999128772, 
0.0003802829999131063, 0.00041355899998052337, 0.0005459659998905408, 0.0005282979998355586, 0.0008066249999956199, 0.0008557720000226254, 0.0007317790000342939, 0.0007258799998908216, 0.0007564170000478043, 


0.0013019149998854118, 0.0012709210000139137, 0.0012641539999549423, 0.0012153820000548876, 
0.0005721400000311405, 0.0005861649999587826, 0.012567891000117015, 0.000547603000086383, 
0.00037936900002932816, 0.0003887089999352611, 0.00035775499986812065, 0.0004710839998551819, 
0.0003638729999693169, 0.00037174599992795265, 0.0004793560001417063, 0.00045870300004935416, 
0.00037169600000197534, 0.000406745999953273, 0.0003738689999863709, 0.00033682200000839657, 
0.00037339100003919157, 0.00039918699985719286, 0.0003592049999951996, 0.0003280079999967711, 
0.00035990099991067837, 0.0003768139999920095, 0.00036377399987941317, 0.00033295299999736017, 
0.0004068579999056965, 0.0003673830001389433, 0.00036134200013293594, 0.00032810099992275354, 
0.00041544600003362575, 0.0003790729999764153, 0.00035126900002069306, 0.0003273529998750746, 
0.0005994650000502588, 0.0005903249998482352, 0.01257919799991214, 0.001895890000014333, 


0.0004219089998969139, 0.0004288650000034977, 0.0005302580000261514, 0.0004023299998152652, 0.001412535000099524, 0.001046404000135226, 0.0012947650000114663, 0.0016038320000006934, 0.0009294060000684112, 0.001243274999978894, 0.0007677260000491515, 0.00035595900021689886, 0.000925390000020343, 0.0008729700000458251, 0.0010674349998680555, 0.0009143550000771938, 0.003129473999933907, 0.0027958770001532685, 0.0010740140000962128, 0.000977699000031862, 0.0015989779999472375, 0.0011105940000106784, 0.0007817970001724461, 0.0010713000001487671, 0.0006148940001367009, 0.0008594599999014463, 0.001957971000138059, 0.0018084729999827687, 0.001469775000032314, 0.0020949290001226473, 0.0015210650001336035, 0.0019178150000698224, 0.000956819000066389, 0.0028537999999116437, 0.0011892739998984325, 0.001237838000179181, 0.0004339439999512251, 0.0009239339999567164, 0.0012291909999930795, 
0.000312066000105915, 0.00033707499983393063, 0.000322086999858584, 0.0003765920000660117, 0.0006193640001583844, 0.0006137430000308086, 0.0005469169998377765, 0.0005027339998378011, 0.0006039370000507915, 0.0005002160000913136, 0.0006266039999900386, 0.0004505449999214761, 0.0005329069999788771, 0.0006586110000625922, 0.0005223160001150973, 0.0005766499998571817, 0.0006042759998763358, 0.0005396180001753237, 0.0005902940001760726, 0.0006563809999988734, 0.0004058580000219081, 0.0005268669999622944, 0.0003973740001583792, 0.00047482599984505214, 0.0003757469999072782, 0.0003366019998338743, 0.0003987279999364546, 0.0004373369999939314, 0.00041278699995928037, 0.0009073779999653198, 0.0008858009998675698, 0.0007935840001209726, 0.0006677079998098634, 0.0006536569999298081, 0.0006778350000331557, 0.0006356540000069799, 0.0005474810000123398, 0.0005295660000683711, 0.0006685230000584852, 
0.00029329099993447016, 0.00032024300003286044, 0.0003069640001740481, 0.0002960320000511274, 0.00042109600008188863, 0.0004282429999875603, 0.0003922379999039549, 0.0003701829998590256, 0.0004129429999011336, 0.00034087499989254866, 0.00040108099983626744, 0.0003362930001458153, 0.00035693299992090033, 0.00043220899988227757, 0.00034578800000417687, 0.00039519200004178856, 0.00042185699999208737, 0.00032866199990166933, 0.00037183200015533657, 0.0004251410000506439, 0.0004001729998890369, 0.0004565809999803605, 0.000359264000053372, 0.00040094800010592735, 0.0003138410002065939, 0.00032787899999675574, 0.00037649599994438177, 0.0003939460000310646, 0.00039740100010021706, 0.0005853589998423558, 0.0004978429999482614, 0.0005299300000842777, 0.00046766100012973766, 0.0004216780000660947, 0.0004649700001664314, 0.0004668649999075569, 0.00043339199987713073, 0.00043812800004161545, 0.0004916089999369433, 
0.0002792650000174035, 0.0003207120000752184, 0.0002945429998817417, 0.0002810989999488811, 0.00039391600012095296, 0.0004174189998593647, 0.0003644869998424838, 0.0003376910001406941, 0.0003798089999236254, 0.0003261280000970146, 0.000404634000005899, 0.00031056799980433425, 0.00033389899999747286, 0.0004315339999720891, 0.0003919749999568012, 0.00041915300016626134, 0.00040415700004814425, 0.00030761500011067255, 0.00034913499985123053, 0.00038186899996617285, 0.000392526000041471, 0.0004476699998576805, 0.00034552099987195106, 0.0004233489999023732, 0.00033643799997662427, 0.0003038889999515959, 0.0004432929999893531, 0.00038881900013620907, 0.0004044770000746212, 0.0006124680000993976, 0.00048019099995144643, 0.0005369739999423473, 0.000492689000111568, 0.00046341000006577815, 0.0004626130000815465, 0.0004727220000404486, 0.0004014670000742626, 0.0003709869999966031, 0.0004829080000945396, 
0.0002859609999177337, 0.00031122599989430455, 0.0002919529999871884, 0.00027979499986940937, 0.0003885429998717882, 0.0003935059999093937, 0.00039608899987797486, 0.0003289989999757381, 0.0004188139998859697, 0.00033871799996632035, 0.0003834400001778704, 0.0002896270000292134, 0.00036472300007517333, 0.0004226099999868893, 0.00032919399995989806, 0.0003695560001233389, 0.0004045109999424312, 0.0003886860001784953, 0.00035250199994152354, 0.00044132100015303877, 0.00039834900007917895, 0.0004454749998785701, 0.00035557600017455115, 0.00039482699980908365, 0.0003391140000985615, 0.00030933499988350377, 0.0004115399999591318, 0.0003856599998925958, 0.00041850499997053703, 0.0005918070000916487, 0.0004871159999311203, 0.0005861390000063693, 0.0004520940001384588, 0.00042662600003495754, 0.00048497400007363467, 0.0004656999999497202, 0.0003972130000420293, 0.0003805090000241762, 0.0004843469998832006, 
0.0002838859998064436, 0.0003213820000382839, 0.0004393730000629148, 0.00043642000014187943, 0.000756042999910278, 0.0007845930001622037, 0.0007525920000261976, 0.0007227009998587164, 0.0007339219998812041, 0.0006483600000137812, 0.0007261630000812147, 0.0005851569999322237, 0.0006927189999714756, 0.0008264730001883436, 0.0006999089998771524, 0.0008306380000249192, 0.0007470499999726599, 0.0006423840000024938, 0.0007385220001197013, 0.0007608529999743041, 0.0007536369998888404, 0.0008417690000896982, 0.0006497360000139452, 0.0007509590000154276, 0.000706324999782737, 0.0006594390001737338, 0.0007226039999750355, 0.0007427770001413592, 0.0007650100001228566, 0.0007641200002126425, 0.0006862640000235842, 0.0008455400000002555, 0.0006887029999234073, 0.0006919180000295455, 0.000768889000028139, 0.0007543110000369779, 0.0006589120000626281, 0.0006947580000087328, 0.0008656539998810331, 
0.0005080979999547708, 0.00048710299984122685, 0.00044182200008435757, 0.00042412700008753745, 0.00039000800006760983, 0.00039420500002051995, 0.00039902899993649044, 0.00033698900006129406, 0.0003890999998930056, 0.00031100799992600514, 0.00043432500001472363, 0.0003578930000003311, 0.0003420640000513231, 0.0005570810001245263, 0.00041422300000704126, 0.0004206439998597489, 0.0004026400001748698, 0.0003435599999193073, 0.0003656960000171239, 0.00041527200005475606, 0.0003929629999674944, 0.0004497170000377082, 0.00031592799996360554, 0.00039409100008924725, 0.00037150600019231206, 0.00031015800004752236, 0.00043315899984008865, 0.00039879399992059916, 0.0004024800000479445, 0.0005954089999704593, 0.00047784899993530416, 0.000811110999848097, 0.0006862870000077237, 0.00045670500003325287, 0.0004770030000145198, 0.00045518299998548173, 0.00038446500002464745, 0.0003689500001655688, 0.000484191999930772, 
0.00028719700003421167, 0.00031536100004814216, 0.0002876169999126432, 0.0002764539999589033, 0.0003912210001999483, 0.00039776299990990083, 0.0003685520000544784, 0.0003240110002025176, 0.0004032310000638972, 0.00031115599995246157, 0.00042026199980682577, 0.00029339700017771975, 0.0003475900000466936, 0.0004602820001764485, 0.0003530269998464064, 0.00041013700001713005, 0.0004097339999589167, 0.0003784809998705896, 0.00037981800005582045, 0.00041875200008689717, 0.0003953420000470942, 0.00045064200003253063, 0.00032471899999109155, 0.00039081800014173496, 0.00035842299985233694, 0.00030636299993602734, 0.00044804499998463143, 0.0003867789998821536, 0.0003965600001265557, 0.000580475999868213, 0.0005395450000378332, 0.0005415409998477116, 0.00047591099996679986, 0.00043336799990356667, 0.0004859480000050098, 0.0004892220001693204, 0.0004175130000021454, 0.00038445600011982606, 0.000492725000185601, 
0.0002887820000978536, 0.00030994300004749675, 0.00029888500012020813, 0.00027625600000646955, 0.0007184859998687898, 0.0007917580001048918, 0.0007558479999261181, 0.0007455219999883411, 0.0007806820001405868, 0.0006602759999623231, 0.0008904960000108986, 0.000724803999901269, 0.000673531000074945, 0.000814143999832595, 0.0007110939998256072, 0.0007997929999419284, 0.0007313930000236724, 0.0006620189999466675, 0.0007024940000519564, 0.0007217620000119496, 0.0007519660000525619, 0.00086013100008131, 0.0006262690001221927, 0.0007565329999579262, 0.000636101000054623, 0.0006281260000378097, 0.0007354289998602326, 0.0008553279999432561, 0.0007682220000333473, 0.0008109749999221094, 0.0006635969998569635, 0.0007695130000229256, 0.0006440489999022248, 0.0006252430000586173, 0.0007292150000921538, 0.0006975530000090657, 0.0006048079999345646, 0.0006098899998505658, 0.0008453769999050564, 
0.00028197099982207874, 0.0003114230000846874, 0.0002893920000133221, 0.0002767940000012459, 0.0004172559999915393, 0.0004245380000611476, 0.00037234399997032597, 0.00034093499994014564, 0.00037551799982793455, 0.00032090799982142926, 0.0003932869999516697, 0.00029374499990808545, 0.00038801499999863154, 0.000415411999938442, 0.00032769600011306466, 0.0003883780000251136, 0.00037535000001298613, 0.0003187069999057712, 0.00036322000005384325, 0.0004291479999665171, 0.0003962120001688163, 0.00045308299991120293, 0.00030888700007380976, 0.00038956599996708974, 0.0003288870000233146, 0.0002995219999775145, 0.0004141389999858802, 0.00041512300003887503, 0.0004383780001262494, 0.000800267999920834, 0.0007778780000080587, 0.000763662999816006, 0.0006740960000115592, 0.0005936610000389919, 0.00048079599991979194, 0.00040417699983663624, 0.00036886999987473246, 0.0003296620000128314, 0.00047302899997703207, 


0.0012867210000422347, 0.0013192569999773696, 0.0012354810000942962, 0.0014521709999826271, 0.0024554020001232857, 
0.00029489600001397775, 0.0003231349999168742, 0.0002999990001626429, 0.00035303300001032767, 0.0004116159998375224, 
0.0003306129999600671, 0.00036720899993269995, 0.0003243609999117325, 0.00031349100004263164, 0.00044499000000541855, 
0.0005882329999167268, 0.0005925539999225293, 0.0005550650000714086, 0.0005514189999757946, 0.0004300709999824903, 
0.0003860320000512729, 0.0003836689998024667, 0.0003650129999641649, 0.0003493199999411445, 0.00041738400000213005, 
0.0003636300000380288, 0.00038076099986028566, 0.000407229000074949, 0.00033933199983948725, 0.0004287479998765775, 
0.0005734259998462221, 0.000602355999944848, 0.0005575330001192924, 0.0005395499999849562, 0.0004586100001233717, 
0.0003616689998580114, 0.0003971050000473042, 0.0003528589998040843, 0.012388283000063893, 0.0004239959998812992, 
0.00035504399988894875, 0.00037366800006566336, 0.0003477510001630435, 0.0003549049999946874, 0.0004191729999547533, 
0.0005740839999361924, 0.012579438000102527, 0.0005535870000130672, 0.006536317999916719, 0.0004187880001609301, 


0.0008806200000890385, 0.0009148659999027586, 0.0009354629999052122, 0.0008044250000693864, 0.002619869000000108, 0.0036770939998405083, 0.0008315350000884791, 0.0007195970001703245, 0.0005729599999995116, 0.0005042959999173036, 0.0011907240000255115, 0.0005929709998326871, 0.0005744640000102663, 0.0004089420001491817, 0.0004743859999507549, 0.0004774869998982467, 0.00045793499998580955, 0.003757216999929369, 0.00193680300003507, 0.0006046920000244427, 0.0011445759998878202, 
0.00030435600001510466, 0.0003224050001335854, 0.000344998999935342, 0.0002905199999077013, 0.0021772490001694678, 0.0004504339999584772, 0.0004327260000991373, 0.00038282499986053153, 0.00038761699988754117, 0.0003476749998299056, 0.00039554099998895254, 0.0003959549999308365, 0.00038491300006171514, 0.0003215849999378406, 0.0003212680001070112, 0.0003276690001712268, 0.000401057999852128, 0.00045129299996915506, 0.0004750009998133464, 0.0003831809999610414, 0.0003296820000286971, 
0.0003080410001530254, 0.00031945499995345017, 0.0003005070000199339, 0.0002891829999498441, 0.0006717430001117464, 0.00045461499985322007, 0.0004302439999719354, 0.0003393500001038774, 0.00033517099996061006, 0.00036290200000621553, 0.0003361389999554376, 0.00038816400001451257, 0.0003713910000442411, 0.00030176299992490385, 0.000296810000008918, 0.00035902700005863153, 0.0003983799999787152, 0.0004520840000168391, 0.000711844000079509, 0.0005454740000914171, 0.000444724000089991, 
0.0003550760000052833, 0.0003266960000019026, 0.00029816699998264085, 0.0002920530000665167, 0.002745072999914555, 0.0007373620001089876, 0.0012211920000027021, 0.0009925219999331603, 0.0009865100000752136, 0.0010184689999732655, 0.0009783839998362964, 0.0009882440001547366, 0.0010620160001053591, 0.0009932149998803652, 0.0009849040000062814, 0.0010285599998951511, 0.0007138700000268727, 0.000826794999966296, 0.000874769999882119, 0.0007545789999312547, 0.0006934240000191494, 
0.0003248040000016772, 0.0003443150001203321, 0.0003352420001192513, 0.0003118579998044879, 0.0008130669998536177, 0.00044040900002073613, 0.00042010499987554795, 0.0003293589998065727, 0.0003490960000362975, 0.0003694940000968927, 0.00035304399989399826, 0.00036981699986426975, 0.000663754000015615, 0.0006342900001072849, 0.0006254459999581741, 0.0006473559999449208, 0.0006891489999816258, 0.000862065000092116, 0.0008480150002014852, 0.0007171539998580556, 0.0006776180000542809, 
0.00046422900004472467, 0.00047983400008888566, 0.0004415880000578909, 0.0004279310001038539, 0.0011682960000598541, 0.0007797099999606871, 0.0007337380000080884, 0.0006829120000020339, 0.0006715990000429883, 0.0007631560001755133, 0.0006617019998884643, 0.0007004449998930795, 0.0006500110000615678, 0.0005867489999218378, 0.0005819850000534643, 0.0006270080000376765, 0.0006921490000877384, 0.0008137129998431192, 0.0008503080000537011, 0.0007152769999265729, 0.0007008490001680912, 
0.000375939999912589, 0.00033982400009335834, 0.0003162929999689368, 0.00028927099992870353, 0.01048347100004321, 0.0006327510000119219, 0.0006119459999354149, 0.0004623300001185271, 0.000500708999879862, 0.0005037179998907959, 0.00046816999997645325, 0.0004847440000048664, 0.0003402900001674425, 0.00042547199996079144, 0.00028444500003388384, 0.00030639800002063566, 0.000713975000053324, 0.0008071139998264698, 0.0008473670000057609, 0.0007768149998810259, 0.0006858350000129576, 
0.0003035110000837449, 0.00032559100009166286, 0.00034368999990874727, 0.0002902479998283525, 0.0008587549998537725, 0.001188579000199752, 0.0007457020001311321, 0.0008087339999747201, 0.0007185720000961737, 0.0007335160000820906, 0.0006982689999404101, 0.0007195859998319065, 0.0007578760000797047, 0.000588857999900938, 0.0005930849999913335, 0.0006227779999790073, 0.0007368040000983456, 0.0008007029998680082, 0.000842744000010498, 0.0007673520001389988, 0.0006834400001025642, 
0.0005128269999659096, 0.0005258470000626403, 0.0004951759999585192, 0.00047047200018823787, 0.0006635360000473156, 0.0006662839998625714, 0.0006258020000586839, 0.0004806340000413911, 0.0005130740000822698, 0.0004976380000698555, 0.00047164200009319757, 0.0004969500000697735, 0.0005235730000094918, 0.0004419259998940106, 0.0004438509999999951, 0.0004485540000587207, 0.0005635130000882782, 0.00043144300002495584, 0.0004562069998428342, 0.00037053300002298784, 0.00034657100013646414, 
0.00030922199994165567, 0.0003217720000066038, 0.0002974219999032357, 0.0002848030001132429, 0.003318570999908843, 0.00066960599997401, 0.0007011210000200663, 0.0004246539999712695, 0.0005315579999205511, 0.0005147209999449842, 0.000507392000145046, 0.0004971189998741465, 0.00035038800001530035, 0.0002821579998908419, 0.00028362099988044065, 0.00030967500015322, 0.00039366299984067155, 0.00045306100014386175, 0.00046833600003992615, 0.0003718170000865939, 0.00033832000008260366, 


0.0007482660000732722, 0.0008411940000314644, 0.0008144690000335686, 0.0007815510000455106, 0.00040334100003747153, 0.0009213389998876664, 0.0005303160000948992, 0.001370434000136811, 0.0011052659999677417, 0.0009301489999415935, 0.0017677360001471243, 0.0009456310001496604, 0.00045040100008009176, 0.0042098659998828225, 0.0004053550001117401, 0.0009423550000065006, 0.0007381170000826387, 0.0014275309999902674, 0.004344558999946457, 0.0008512370000062219, 0.0009044319999702566, 0.0011778379998759192, 0.0011818150001090544, 0.0016966220000540488, 0.0007815989999926387, 
0.00031343399996330845, 0.00033530099995005003, 0.0003025529999831633, 0.0002968779999719118, 0.0004303059999983816, 0.00038689699999849836, 0.0003569370001059724, 0.00046341899997059954, 0.0004045359999054199, 0.0003274559999226767, 0.00038396100012505485, 0.00037612200003422913, 0.00038231700000324054, 0.0004031420000956132, 0.00035227900002610113, 0.00047564900000907073, 0.0003423760001624032, 0.00040298600015375996, 0.00040007099983085936, 0.0004132239998853038, 0.000340351999966515, 0.00039065999999365886, 0.0004376649999358051, 0.00044000399998367357, 0.0005047140000442596, 
0.0005902880000121513, 0.0008651009998175141, 0.0006477290000930225, 0.0006137430000308086, 0.00041772999998102023, 0.0005819130001327721, 0.0003953230000206531, 0.00046063100012361247, 0.00044714399996337306, 0.0003982230000474374, 0.00039370499985125207, 0.00042121799992855813, 0.00038137299998197705, 0.00043026299999837647, 0.0003539570000157255, 0.0004703940001036244, 0.0003365219999977853, 0.00039836199994169874, 0.00040812700012793357, 0.0004161370000019815, 0.00037857900019844237, 0.00043430699997770716, 0.00042540799995549605, 0.00042905300006168545, 0.0004578489999857993, 
0.0006056849999822589, 0.0006576869998298207, 0.0006362119997902482, 0.000602714000024207, 0.0004228269999657641, 0.00038297100013551244, 0.0003894129999935103, 0.00048144999982469017, 0.00041202299985343416, 0.00039906100005282497, 0.00037927699986539665, 0.0005028030000175931, 0.00044515199988381937, 0.00044962300012230116, 0.0003681749999486783, 0.0004188010000234499, 0.0003593779999846447, 0.0004082080001808208, 0.0004037960000005114, 0.0004040630001327372, 0.00035831399986818724, 0.0003940460001103929, 0.0004351329998826259, 0.00043021900000894675, 0.00041699799999150855, 
0.0006198900000526919, 0.0006890509998811467, 0.0006273289998262044, 0.000605927999913547, 0.00041245700003855745, 0.0004192829999283276, 0.0003586640000321495, 0.0005200620000778144, 0.00038657999994029524, 0.0003233249999539112, 0.00038685100003021944, 0.00037468999994416663, 0.00042789700000867015, 0.00041156300017064495, 0.00036433600007512723, 0.00047431899997718574, 0.00033345599990752817, 0.00044298900002104347, 0.0004165820000707754, 0.0004097810001439939, 0.00039276699999390985, 0.0004033630000321864, 0.0004693480000241834, 0.00044530700006362167, 0.0005545879998862802, 
0.00030055299976083916, 0.0003235499998481828, 0.00032012700012273854, 0.0002901610000662913, 0.0006226740001693543, 0.0005352719999791589, 0.0007127920002858446, 0.0006516729999930249, 0.0005958340002507612, 0.0004527209998741455, 0.0005816389998472005, 0.0005242590000307246, 0.0004221249996589904, 0.00043333699977665674, 0.0003611410002122284, 0.0004168010000284994, 0.0003621999999268155, 0.00037793000001329347, 0.0004488519998631091, 0.00047091700025703176, 0.0003796750002038607, 0.0004173819997959072, 0.00040838499990059063, 0.0004028650000691414, 0.0004319199997553369, 
0.0006064220001462672, 0.000692862000050809, 0.000632882999980211, 0.0007977330001267546, 0.0007546639999418403, 0.00046635199987576925, 0.00038086899985501077, 0.0004917740002383653, 0.00040030499985732604, 0.00048693400003685383, 0.0003911090002475248, 0.00038220199985516956, 0.00046889199984434526, 0.0004877750002378889, 0.0003799040000558307, 0.00041604600028222194, 0.0003438369999457791, 0.00040734800040809205, 0.0004548140000224521, 0.00041321700018670526, 0.00035559099978854647, 0.0004032589999951597, 0.0004072310002811719, 0.000418913999965298, 0.00043813299998873845, 
0.0006031789998814929, 0.0006728640000801533, 0.0006193980002535682, 0.0006284999999479624, 0.0004331240002102277, 0.00039785299986760947, 0.0003602510000746406, 0.0004987190000065311, 0.0004191110001556808, 0.00034492699978727615, 0.00038827600019430974, 0.00038315399979182985, 0.00047331499990832526, 0.0004151419998379424, 0.00036556299983203644, 0.0004837510000470502, 0.0003395889998500934, 0.00040952800009108614, 0.000414904000081151, 0.0004902370001218515, 0.00037622399986503297, 0.0004034819999105821, 0.0004108829998585861, 0.00042058799999722396, 0.00042147500016653794, 
0.0005991150001136702, 0.0008039470003495808, 0.0006291849999797705, 0.0006062100001145154, 0.0007101130004230072, 0.0007772359999762557, 0.0007775019998916832, 0.0008157970000866044, 0.0005045449997851392, 0.00046917700001358753, 0.0004950789998474647, 0.00038118700013001217, 0.0004278599999452126, 0.00047111999992921483, 0.0003640969998741639, 0.0004203399998914392, 0.00038367700017261086, 0.0004710660000455391, 0.00047989899985623197, 0.000474883000151749, 0.00038933299993004766, 0.0004321860001255118, 0.00041024600022865343, 0.00043742699972426635, 0.00048171500020544045, 
0.0010048649996861059, 0.0010903120000875788, 0.0010138729999198404, 0.0010067169996546, 0.0004145919997426972, 0.0003868640001201129, 0.00037134000012883916, 0.0005086090000077093, 0.00040786699992167996, 0.0003345350000927283, 0.0003926140002477041, 0.0003847389998554718, 0.00039653499970881967, 0.00041003299975272967, 0.0003669550001177413, 0.0004189100000075996, 0.0003443690002313815, 0.0004081619999851682, 0.00041463399975327775, 0.000418146999891178, 0.0003646360000857385, 0.0004045099999530066, 0.0004162569998698018, 0.0004011300002275675, 0.0004304110002522066, 


0.0011905100000149105, 0.0010323890001018299, 0.002931134999926144, 0.0007527860002483067, 0.0008002949998626718, 0.0006752480003342498, 0.0008453000000372413, 0.002214108000316628, 0.0013805319999846688, 0.0048225780001303065, 0.0015982879999683064, 0.000970839999808959, 0.002248159999908239, 0.0017668899999989662, 0.003530521999891789, 0.00401378200012914, 0.0039153470002020185, 0.002956633000394504, 0.0019739429999390268, 0.0015028620000521187, 0.0014840750000075786, 0.001091793999876245, 0.0004066840001542005, 0.0006763989999853948, 0.0011114010003439034, 0.0010205410003436555, 0.0012237330001880764, 0.0015337449999606179, 0.0013093600000502192, 0.0007799280001563602, 0.0005325940001057461, 0.0012725240003419458, 0.0033771280000109982, 0.0025179179997394385, 0.001287634000163962, 0.0008935660002862278, 0.003033255999980611, 0.003014793999682297, 0.002593380999769579, 0.0015939609997985826, 0.0036377720002747083, 0.0015473630000997218, 0.0014483639997706632, 0.0013396819999798026, 0.0008852440000737261, 0.0009071419999600039, 0.000693191000209481, 0.000501589999657881, 0.0012375900000733964, 0.0006069760001992108, 0.0007767960000819585, 
0.0006247139999686624, 0.0006567260002157127, 0.0006180199998198077, 0.0006073089998608339, 0.0008019470001272566, 0.000756381999963196, 0.0007737089999864111, 0.0007394449999083008, 0.0007858019998820964, 0.0008725420002519968, 0.0008103599998321442, 0.0007676549998905102, 0.0007082699999045872, 0.0008498330003021692, 0.000850120999984938, 0.0008035430000745691, 0.0007101330002114992, 0.0008314200003951555, 0.0009359810001114965, 0.0010882470000979083, 0.0007138359997043153, 0.0007523240001319209, 0.0006425940000553965, 0.0007246380000651698, 0.0008470980001220596, 0.000938195999879099, 0.0007352289999289496, 0.0007030540000414476, 0.0006715710001117259, 0.000656228000025294, 0.0006585189998986607, 0.0006642539997301355, 0.0008543349999854399, 0.0007649740000488237, 0.000751720000153, 0.0007563129997834039, 0.0007038260000626906, 0.0007019790000413195, 0.0008046519997151336, 0.0007773380002618069, 0.0007939600000099745, 0.0006585080000149901, 0.0006540630001836689, 0.0007335630002671678, 0.0006999689999247494, 0.0006585940000150003, 0.0008455980000690033, 0.0007585339999423013, 0.0006930570002623426, 0.0008375269999305601, 0.000758075999783614, 
0.0003848919996016775, 0.0005086940000182949, 0.0004600380002557358, 0.00032047399963630596, 0.0007891579998613452, 0.0006536390001201653, 0.0007892910002738063, 0.0007714280000072904, 0.0007396340001832868, 0.0006728779999320977, 0.0006911059999765712, 0.0009128239998972276, 0.0007983030000104918, 0.0008157420002135041, 0.0009819390002121509, 0.0008537919998161669, 0.0007596340001327917, 0.000742316000014398, 0.0008438820000264968, 0.0007228199997371121, 0.0007523899998886918, 0.000719548999768449, 0.0006781600000067556, 0.0006911559999025485, 0.0007606160002069373, 0.0008731560001251637, 0.0007592269998895063, 0.0007222949998322292, 0.0006553530001838226, 0.0006801040003665548, 0.0007663930000489927, 0.0006667449997621588, 0.0007622319999427418, 0.0008015530002012383, 0.0007653059997210221, 0.000674473000344733, 0.0007764619999761635, 0.0007370719999926223, 0.0008036060003178136, 0.0008464679999633518, 0.0007942269999148266, 0.0007630840000274475, 0.0007345829999394482, 0.0007183520001490251, 0.0007153619999371585, 0.0007015300002422009, 0.0006521209998027189, 0.0006933590002518031, 0.0006476730000031239, 0.0007954389998303668, 0.0007285470001079375, 
0.0006276950002757076, 0.000661093999951845, 0.0006236670001271705, 0.0006100089999563352, 0.0012027339998894604, 0.000938953000058973, 0.0011620029999903636, 0.0008609359997535648, 0.0007005099996604258, 0.0006802070001867833, 0.0006637920000684971, 0.0007582359999105392, 0.0008533719997103617, 0.0008390349998990132, 0.0008452469996882428, 0.0012081269996997435, 0.0008462090004286438, 0.0009573099996487144, 0.0008491030002915068, 0.0007386279999082035, 0.0007408080000459449, 0.0007554089997938718, 0.0007865180000408145, 0.0007230729997900198, 0.000752824999835866, 0.0009562780001033389, 0.000956345999838959, 0.0007258480000018608, 0.0007097650000105205, 0.0006825089999438205, 0.0007239039996420615, 0.0006454490003307001, 0.0008023870000215538, 0.0007481760003429372, 0.0007768800001031195, 0.0006854430002931622, 0.0006952399999136105, 0.0007180050001807103, 0.0007472199999938312, 0.0007538279996879282, 0.0007432330003211973, 0.0006699479999952018, 0.0008072629998423508, 0.0006953810002414684, 0.0006912559997545031, 0.0006448610001825728, 0.00066598100011106, 0.000704720999692654, 0.0006385960000443447, 0.000775763000092411, 0.0007393709997813858, 
0.0006883149999339366, 0.0006878509998387017, 0.000649250000151369, 0.0006419909996111528, 0.0008043449997785501, 0.0006395830000656133, 0.0007524650000050315, 0.000783731999945303, 0.0006987619999563321, 0.0007000640002843284, 0.0006603189999623282, 0.0007494020001104218, 0.0006752879999112338, 0.0008193860003302689, 0.0009145550002358505, 0.0008141570001498621, 0.0006966880000618403, 0.0007318739999391255, 0.0008770469999035413, 0.0007141669998418365, 0.0007264490000125079, 0.0008202740000342601, 0.0006540710000990657, 0.0006509099998766033, 0.0007175820001066313, 0.0008685220000188565, 0.0007383219999610446, 0.0008012330004021351, 0.0006539040000461682, 0.0006364380001286918, 0.0006952130001991463, 0.000682351999785169, 0.0007611829996676533, 0.0007064229998832161, 0.0008167450000655663, 0.0006701870001961652, 0.0007388829999399604, 0.000672828999995545, 0.0007469140000466723, 0.0007787050003571494, 0.0007906060000095749, 0.0007775570002195309, 0.0006737129997418378, 0.0006200120001267351, 0.000657885999771679, 0.0006522220000988455, 0.0006712699996569427, 0.0006886549999762792, 0.0007562430000689346, 0.0007651610003449605, 0.0007320879999497265, 
0.0006445820004046254, 0.0006582720002370479, 0.0006149850000838342, 0.0006101819999457803, 0.0007752060000711936, 0.0006211899999470916, 0.0007804040001246904, 0.0007367019998127944, 0.000721303000318585, 0.0006837690002612362, 0.0006679709999843908, 0.0007481319998987601, 0.0006810600002609135, 0.0007909249998192536, 0.0008307040002364374, 0.0008433849998255027, 0.0007165010001699557, 0.0007399219998660556, 0.0007474330000150076, 0.0007588749999740685, 0.00073159699968528, 0.000775279000208684, 0.0006713549996675283, 0.0006867659999443276, 0.0007711590001235891, 0.0008496239997839439, 0.0007761120000395749, 0.0007113949995982694, 0.0006499600003735395, 0.0006444549999287119, 0.0007268700001077377, 0.0007357740000770718, 0.0009517249995951715, 0.0008292729999084258, 0.0007338020000133838, 0.0006961110002521309, 0.0007101860001057503, 0.0006951109999135952, 0.000761682000302244, 0.0007304650002879498, 0.0007626460001119995, 0.0006734160001542477, 0.0006232670002646046, 0.0006224590001693286, 0.0006905919999553589, 0.0006340730001284101, 0.0006570330001522962, 0.0006418120001399075, 0.0006410879996110452, 0.0008081389996732469, 0.0007258679997903528, 
0.0006090389997552847, 0.0006511120000141091, 0.0006148799998300092, 0.0005962090003777121, 0.0007868040001994814, 0.0006353590001708653, 0.0007565030000478146, 0.0007378800000878982, 0.0007205409997368406, 0.0006639220000579371, 0.0006596739999622514, 0.0007678910001231998, 0.0007931560003271443, 0.0008177260001502873, 0.0008456049999949755, 0.0007972479997988557, 0.0006844780000392348, 0.0007116880001376558, 0.0007983700002114347, 0.0007245609999699809, 0.0007160979998843686, 0.0007198129997050273, 0.0006750940001438721, 0.0006742860000485962, 0.0007593690002067888, 0.0008401009999943199, 0.0007542459998148843, 0.0006932679998499225, 0.000672312000006059, 0.0006431649999285582, 0.0006711410001116747, 0.0006430170001294755, 0.0007522419996348617, 0.0006946739999875717, 0.001021729000058258, 0.0009304549998887524, 0.0006957220002732356, 0.0006832399999439076, 0.0010632599996824865, 0.0008743950002099155, 0.000725402000171016, 0.0006715650001751783, 0.0007070500000736502, 0.0006475889999819628, 0.000722980999853462, 0.0006397140000444779, 0.0006679369998892071, 0.000735532000362582, 0.0006686960000479303, 0.000779731999955402, 0.0007237359995997394, 
0.00061035599992465, 0.0006543380000039178, 0.0006175469998197514, 0.0006020270002409234, 0.0007814180003151705, 0.000728300999981002, 0.0010866960001294501, 0.0007470919999832404, 0.0006962029997339414, 0.0010344130000703444, 0.000985573999969347, 0.000756391999857442, 0.0007000629998401564, 0.0008310709999932442, 0.000865033000081894, 0.0007956640001793858, 0.0006858500000817003, 0.0007531940000262694, 0.0007893609999882756, 0.0007342229996538663, 0.000731242999790993, 0.0007389060001514736, 0.0006387339999491815, 0.0007242030001179955, 0.0007754869998279901, 0.0009045760002663883, 0.000730706000013015, 0.0007423619999826769, 0.000678587000038533, 0.0006416619999072282, 0.0007161510002333671, 0.0006725929997628555, 0.0008586729995840869, 0.0007027850001577463, 0.0007610940001541167, 0.0006862400000500202, 0.0007531709998147562, 0.0006586340000467317, 0.0007823350001672225, 0.0007322369997382339, 0.0007573249999950349, 0.0007377639999504026, 0.0006848520001767611, 0.0006344510002236348, 0.0006573239998033387, 0.0007206949999272183, 0.0006652179999946384, 0.0006811600001128681, 0.0006478350001088984, 0.000786620999861043, 0.0008345920000465412, 
0.0006106230002842494, 0.0007267169999067846, 0.0006368439999278053, 0.0006192300002112461, 0.000818018999780179, 0.0007291689998965012, 0.0007679469999857247, 0.0007905289999143861, 0.0007990560002326674, 0.0006746629996996489, 0.0007212939999590162, 0.0007541979998677562, 0.0007538360000580724, 0.0008630239999547484, 0.000849004999963654, 0.0008137410000017553, 0.0007040760001473245, 0.0007609819999743195, 0.0011077149997618108, 0.0007770450001771678, 0.0007390540004053037, 0.0007392580000669113, 0.000682690999838087, 0.0006834310001977428, 0.000723314999959257, 0.0009345700000267243, 0.0008549960002710577, 0.0009025159997690935, 0.0007227260002764524, 0.0007133560002330341, 0.0007966680000208726, 0.0007645880000382022, 0.0008280750002995774, 0.0007944369999677292, 0.0008063479999691481, 0.0007191289996626438, 0.000813491999906546, 0.0006910460001563479, 0.0007704569998168154, 0.0007950260001052811, 0.0007602690002386225, 0.0007235680000121647, 0.0007525479995820206, 0.0006510830003207957, 0.0008985829999801354, 0.0006399919998330006, 0.0007032329999674403, 0.0006928359998710221, 0.0007203390000540821, 0.0007943219998196582, 0.0007259280000653234, 
0.0006119180002315261, 0.0006901589999870339, 0.000641984000139928, 0.000621936000243295, 0.000425210000230436, 0.0003803370000241557, 0.0004181799999969371, 0.0005199710003580549, 0.0005029779999858874, 0.00039704299979348434, 0.0003700789998219989, 0.0004117620001125033, 0.0004017719998046232, 0.00044510099996841745, 0.00043058000028395327, 0.0004119270001865516, 0.00035800200021185447, 0.0003915779998351354, 0.00038263400028881733, 0.0003795839998019801, 0.0003868160001729848, 0.0004143590003877762, 0.00033044299971152213, 0.00034470299988242914, 0.0004204070000923821, 0.0004893049999736832, 0.000492386000132683, 0.0004067730001224845, 0.00033910399997694185, 0.00036533499996949104, 0.0003472069997769722, 0.0003494600000522041, 0.00048173799996220623, 0.0003855499999190215, 0.0004080630001226382, 0.00037943699999232194, 0.0003575169998839556, 0.0003793639998548315, 0.00040130299976226524, 0.00037689400005547213, 0.00039308900022660964, 0.00035415000002103625, 0.00030801399998381385, 0.0003173439999955008, 0.00036559399995894637, 0.00030607700000473415, 0.0003267029997005011, 0.00037313599978006096, 0.0003243199998905766, 0.0004475769997043244, 0.00038004799989721505, 


0.000982028000180435, 0.000958173000071838, 0.001040018999901804, 0.0009089189998121583, 0.00046787500014033867, 0.0005597619997388392, 0.0006091029999879538, 0.00037384600000223145, 0.0007372519999080396, 0.0010203239999100333, 0.0005105750001348497, 0.0008647450003991253, 0.0004083439998794347, 0.0005843700000696117, 0.0007407729999613366, 0.0006974930001888424, 0.000996235999991768, 0.0012307689999033755, 0.001999764000174764, 0.003968307000377536, 0.003095627000220702, 0.001332833000105893, 0.0031232289998115448, 0.0017989869998018548, 0.0009816639999371546, 
0.0006216819997462153, 0.0006680090000372729, 0.0006374639997375198, 0.000626672000180406, 0.0004994420000912214, 0.00039882099963506334, 0.00034388600033707917, 0.0003445649999775924, 0.000476351999623148, 0.0003608609999901091, 0.0003656429998954991, 0.00038142599987622816, 0.00036417599994820193, 0.0004518299997471331, 0.0004042280002067855, 0.0003951979997509625, 0.000494173999868508, 0.00035552700001062476, 0.0004340329996921355, 0.00034564499992484343, 0.00032366000004913076, 0.00030882700002621277, 0.0003304280003249005, 0.00030189599965524394, 0.0004349499999989348, 
0.000653474000046117, 0.0006776860000172746, 0.0006286089997047384, 0.0006466740001087601, 0.0006210299998201663, 0.00045438999995894847, 0.0005056250001871376, 0.000535420000232989, 0.0004801009999937378, 0.0003710739997586643, 0.0004082620002918702, 0.00042844300014621695, 0.0004211790001136251, 0.0004595099999278318, 0.000394014999983483, 0.00038891899976079003, 0.0004449660000318545, 0.0003602779997891048, 0.0004315040000619774, 0.0003613040003074275, 0.00035100300010526553, 0.00030835400002615643, 0.0003333100003146683, 0.0002956409998660092, 0.0006289680000008957, 
0.0006160289999570523, 0.0006642849998570455, 0.0006220410000423726, 0.000608974999977363, 0.0004906350000055681, 0.0003388659997654031, 0.00034216299991385313, 0.00035065800011579995, 0.0004934499997943931, 0.0003535789996931271, 0.0003896299999723851, 0.00044798299995818525, 0.0003696769999805838, 0.0004384429998935957, 0.00038561100018341676, 0.0004171900000073947, 0.00043274500012557837, 0.00035437299993645865, 0.0004327049996390997, 0.0003467110000201501, 0.00033003599992298405, 0.000328611999975692, 0.00033636800026215496, 0.0002977119997922273, 0.00042680499973357655, 
0.0006209399998624576, 0.0006918230001247139, 0.0006486100000984152, 0.000618617999862181, 0.0004690630003096885, 0.0003801689999818336, 0.00033328200015603215, 0.0003546140001162712, 0.00044273299999986193, 0.0003502019999359618, 0.0004199559998596669, 0.0004703469999185472, 0.0003587779997360485, 0.0004398670002956351, 0.0004006359999948472, 0.0003889550002895703, 0.00042407799992361106, 0.00036888399972667685, 0.000418141999944055, 0.0003380020002623496, 0.0003202929997314641, 0.0003061550000893476, 0.00033179699994434486, 0.0002847040000233392, 0.0004382090000945027, 
0.0006319060003079358, 0.000658091000332206, 0.0006247020000955672, 0.0006113420004112413, 0.0007729220001237991, 0.0007389779998447921, 0.0007143080001696944, 0.0007143869997889851, 0.0008689699998285505, 0.0007942749998619547, 0.0007135060000109661, 0.0007458490003955376, 0.0007012630003373488, 0.0007562899995718908, 0.0007457339997927193, 0.00040046000003712834, 0.0004277739999452024, 0.00036922599974786863, 0.00040858800002752105, 0.0003930450002371799, 0.000330180999753793, 0.0003093319996878563, 0.0003346380003677041, 0.00028675300018221606, 0.0004280140001355903, 
0.0006184789999679197, 0.0006661610000264773, 0.0006432410000343225, 0.0006122999998297018, 0.0004890270001851604, 0.0004029659999105206, 0.0006344889998217695, 0.0004432040000210691, 0.0004371659997559618, 0.0003557939999154769, 0.00037307699994926224, 0.00038509999967573094, 0.0003632370003288088, 0.000423246999616822, 0.0005283390000840882, 0.00042457500012460514, 0.00042594800015649525, 0.00037172100019233767, 0.00040357599982598913, 0.00037231799979053903, 0.0003392240000721358, 0.00030876500022714026, 0.00033196399999724235, 0.00029290500015122234, 0.0004258060002939601, 
0.0006107770000198798, 0.0006609150000258524, 0.0006461030002355983, 0.0006092290000196954, 0.00043751700013672234, 0.0003450350000093749, 0.00033854299999802606, 0.00033317599991278257, 0.0004966300002706703, 0.00034955399996761116, 0.0003897890001098858, 0.00042031600014524884, 0.0003807870002674463, 0.0005530029998226382, 0.000393656000142073, 0.00040803599995342665, 0.00042944000006173155, 0.00035885199986296357, 0.0004115579999961483, 0.00036416700004338054, 0.00032462299986946164, 0.00031319700019594165, 0.0003334170000925951, 0.00029142999983378104, 0.000439065999671584, 
0.0010367249997216277, 0.0010215339998467243, 0.0009279390001211141, 0.000916464000056294, 0.00045694699974774267, 0.00033566299998710747, 0.00033672800009298953, 0.00036569300027622376, 0.0005048440002610732, 0.0003509929997562722, 0.000367223000012018, 0.0003858790000776935, 0.00035535500001060427, 0.00040666399991096114, 0.0004078750002918241, 0.00039319799998338567, 0.00042281100013497053, 0.00037680899959013914, 0.0004060630003550614, 0.0003304340002614481, 0.00032480800018674927, 0.00031731699982628925, 0.00033389899999747286, 0.00029355700007727137, 0.00042358200016678893, 
0.0006207850001374027, 0.0006512159998237621, 0.0006565329999830283, 0.0006181280000419065, 0.0005185300001357973, 0.00040593199992144946, 0.00033059599991247524, 0.0003510509995976463, 0.000503796999964834, 0.000409504999879573, 0.0003718429998116335, 0.00038402800009862403, 0.00036498300005405326, 0.00045948400020279223, 0.000524661000326887, 0.00042404499981785193, 0.00044580400026461575, 0.0003557300001375552, 0.00042406400007166667, 0.00035113399962938274, 0.0003291090001766861, 0.00031072599995241035, 0.0003483809996396303, 0.000298409000151878, 0.0004414760001054674, 


0.0005194650002522394, 0.0004590869998537528, 0.00047680099987701396, 0.0004923920000692306, 
0.0003594310001062695, 0.00037533000022449414, 0.00037460800012922846, 0.0003513280003062391, 
0.00032063199978438206, 0.00033365700028298306, 0.00033157600000777165, 0.00032371699990108027, 
0.00031960800015440327, 0.012456023000140704, 0.0003342079999129055, 0.0003478190001260373, 
0.0003110689999630267, 0.0003316590000395081, 0.0003335240003252693, 0.0003301799997643684, 
0.0004849929996453284, 0.0005243750001682201, 0.012526837000223168, 0.0004893290001746209, 
0.0003215429996998864, 0.012355751000086457, 0.00035006200005227583, 0.00029814200024702586, 
0.0003288290004093142, 0.00034744699996736017, 0.000336233000325592, 0.00034948100028486806, 
0.0003183499998158368, 0.0003297969997220207, 0.012395591000313289, 0.00034819299980881624, 
0.00032398200028183055, 0.00033887600011439645, 0.00034083899981851573, 0.00032132999967871, 


0.0013957080000182032, 0.001431683000191697, 0.0012891129999843542, 0.0013516829999389302, 0.007587848000184749, 0.0011507680001159315, 0.000667444999635336, 0.0004725990002043545, 0.0015640950000488374, 0.0011829629997919255, 0.0004005340001640434, 0.0003717940003298281, 0.0003698690002238436, 0.000762553000186017, 0.0007661790000383917, 0.0010017380000135745, 0.0008743379999032186, 
0.0010066180002468172, 0.0010735340001701843, 0.001018604999899253, 0.0010080880001623882, 0.006113733999882243, 0.0007213839999167249, 0.0007101479995981208, 0.000733484999727807, 0.0007354840004154539, 0.0007017940001787792, 0.0007075389999045001, 0.000675135000165028, 0.0007161789999372559, 0.0006725019998157222, 0.0007309659999918949, 0.0007447159996445407, 0.0007570810003016959, 
0.0006234190000213857, 0.000658017000205291, 0.0006162519998724747, 0.0006439050002882141, 0.0010196620000897383, 0.0007238990001496859, 0.0007293050002772361, 0.0007551950002380181, 0.0006931160000931413, 0.0013037839999014977, 0.001300401999742462, 0.0007262099998115445, 0.0006815039996581618, 0.0006890839999869058, 0.0007709999999860884, 0.0007742620000499301, 0.0007717399998909968, 
0.00046241500012911274, 0.0004950770003233629, 0.0004302980000829848, 0.00032671700000719284, 0.005130626000209304, 0.0007308079998438188, 0.0007868140000937274, 0.000758796999889455, 0.0007998439996299567, 0.0007934779996503494, 0.0008268689998658374, 0.0009852660000433389, 0.0006858719998490415, 0.0006811510002080468, 0.0007379890002994216, 0.0006855870001345465, 0.0007403380000141624, 
0.00030855800014251145, 0.00033217700001841877, 0.0003254199996263196, 0.0003328749999127467, 0.010823793999861664, 0.00042363400007161545, 0.0003669030002129148, 0.00038752099999328493, 0.0005196520000936289, 0.0004706400000031863, 0.0004681499999605876, 0.00035007299993594643, 0.0003469839998615498, 0.00035995300004287856, 0.00039112399963414646, 0.0004024660001960001, 0.0003895899999406538, 
0.00030197700016287854, 0.00032581699997535907, 0.00032806300032461877, 0.00030382099976122845, 0.0009329919998890546, 0.0005967880001662706, 0.0003574870002012176, 0.00038325700006680563, 0.0005229680000411463, 0.00047072899997147033, 0.00046657199982291786, 0.00034803799962901394, 0.0003642330002548988, 0.0003513779997774691, 0.0003697710003507382, 0.0003481369999462913, 0.0003840109998236585, 
0.00031310499980463646, 0.0003351759996803594, 0.00033080499997595325, 0.00032714600001781946, 0.0009501069998805178, 0.00041653800008134567, 0.00036890699993819, 0.0003763640002034663, 0.0005088749999231368, 0.0004780439999194641, 0.0004727420000563143, 0.0006904080000822432, 0.0006881439999233407, 0.0006926099999873259, 0.0007225879999168683, 0.0006813019999754033, 0.0007546950000687502, 
0.0003233580000596703, 0.00033136899992314284, 0.00040979000004881527, 0.0003130770001007477, 0.001037322999764001, 0.0007495849999941129, 0.0007128089996513154, 0.0007906890000413114, 0.0007310870000765135, 0.0007313460000659688, 0.0007008649999988847, 0.0006745499999851745, 0.0007085659999575, 0.0006898090000504453, 0.0007485060000362864, 0.0007526479998887226, 0.0007816910001565702, 
0.0004915300000902789, 0.0005046279998168757, 0.0004676940002354968, 0.0003565340002751327, 0.0008327719997396343, 0.00042224300023008254, 0.00036354700023366604, 0.0003752809998331941, 0.0005461159998958465, 0.0004729880001832498, 0.0004768419998981699, 0.0006939989998500096, 0.0006922300003679993, 0.0006858149999970919, 0.0007843399998819223, 0.0007135820001167303, 0.0007470860000466928, 
0.0003075180002269917, 0.00033329600000797655, 0.0003134440003123018, 0.0003079299999626528, 0.0009336990001429513, 0.0007277989998328849, 0.0007158160001381475, 0.0007397269996545219, 0.000751520999983768, 0.0007111899999472371, 0.0007123099999262195, 0.0006860540001980553, 0.0006836949996795738, 0.0006884279996484111, 0.0007943740001792321, 0.0006909169997015852, 0.0007569539998257824, 


0.0006894289999763714, 0.0007507810000788595, 0.0007624249997206789, 0.0006998740000199177, 0.008672362999732286, 
0.0005950029999439721, 0.0006491780000033032, 0.0006300889999693027, 0.01266921500018725, 0.003162591000091197, 
0.0006609540000681591, 0.012903807999919081, 0.004025872000056552, 0.0010277000001224224, 0.007385505000002013, 
0.0009753709996402904, 0.0010770459998639126, 0.0010063220001939044, 0.0009926009997798246, 0.0009177619999718445, 
0.0009656359998189146, 0.0010868879999179626, 0.0010097360000145272, 0.0010313809998478973, 0.009605212999758805, 
0.0010605509996821638, 0.0010980020001625235, 0.0011030160003429046, 0.0010055810002995713, 0.003976970999701734, 
0.0006032910000612901, 0.0006613410000682052, 0.0006421510001928254, 0.0006129359999249573, 0.003907558000264544, 
0.0005914820003454224, 0.00585122099982982, 0.0009212790000674431, 0.0006430330004150164, 0.0010509290000300098, 
0.000595493000218994, 0.0006638099998781399, 0.0038625219999630644, 0.0011160770000060438, 0.0012803710001207946, 
0.0009563250000610424, 0.0010974390002047585, 0.001019362000079127, 0.001003896999918652, 0.0016171880001820682, 


0.000698256000305264, 0.000723853000181407, 0.0006855629999336088, 0.0006607800000892894, 0.011674855999899592, 0.0008844569997563667, 0.0014040539999768953, 0.0013175169997339253, 0.0009088470001188398, 0.0010197229998993862, 0.0010728040001595218, 0.0012222479999763891, 0.000896024000212492, 0.000548444000287418, 0.0005377420002332656, 0.0017117690003942698, 0.0014176790000419714, 0.0005668550002155825, 0.0009356390000903048, 0.0012475260000428534, 0.0011616130000220437, 0.0005355649996090506, 0.0008739640002204396, 0.0006583450003745384, 0.0009795060000215017, 0.0014423039997382148, 0.00043988000015815487, 0.0010331140001653694, 0.0011285780001344392, 0.0005858260001332383, 0.00038988100004644366, 0.0009343960000478546, 0.0003869209999720624, 0.0008864269998412055, 0.0006309589998636511, 0.0008234480001192424, 0.0010918980001406453, 0.0011824600001091312, 0.0007518639999943844, 
0.0006263899999794376, 0.000660995000089315, 0.0006272979999266681, 0.0006231200000001991, 0.012772089000009146, 0.00041217900025003473, 0.00037095500010764226, 0.0003704689997903188, 0.000566274999982852, 0.0004232060000504134, 0.00038180499996087747, 0.00039275000017369166, 0.000548943000012514, 0.000473678000162181, 0.00048292000019500847, 0.0005153729998710332, 0.0004118249999010004, 0.0003831239996543445, 0.00037810799994986155, 0.0003504909996081551, 0.00043349399993530824, 0.0003617719999056135, 0.00038606599991908297, 0.00034486000004108064, 0.0003180519997840747, 0.0003235449999010598, 0.0004251469999871915, 0.00038611400032095844, 0.00047485300001426367, 0.00039684900002612267, 0.00034143999982916284, 0.00041401399994356325, 0.0004717380002148275, 0.0006258520002120349, 0.0004680880001615151, 0.0006604210002478794, 0.0006304429998635896, 0.0004219710003781074, 0.00034832700021070195, 
0.000623947999883967, 0.0006612699999095639, 0.000650515999950585, 0.0006170920000840852, 0.0014997379998931137, 0.0006346690001919342, 0.0005259700001261081, 0.000595941000028688, 0.0006116450003901264, 0.000528416000179277, 0.0005712950000997807, 0.0006123269999989134, 0.0003812520003521058, 0.00038601699998253025, 0.00034586799984026584, 0.0004862850000790786, 0.0003716420001182996, 0.00045900199984316714, 0.00040367399969909457, 0.00042114000007131835, 0.0004366909997770563, 0.0003723060003721912, 0.00036354800022309064, 0.0003551859999788576, 0.00031480200004807557, 0.0003642320002654742, 0.00037932799978079856, 0.00038254199989751214, 0.000491020000026765, 0.0003801339998972253, 0.00039817900005800766, 0.0006495040001937014, 0.0004739539999718545, 0.0006378279999808001, 0.00045892000025560264, 0.0007272560001183592, 0.000643543000023783, 0.0006195829996613611, 0.0004857829999309615, 
0.0006262150000111433, 0.0006797440000809729, 0.0006289120001383708, 0.0006181680000736378, 0.0009623089999877266, 0.00042053900006067124, 0.0004995549998056958, 0.00038543099981325213, 0.0004015290001007088, 0.0003654259999166243, 0.00038563499992960715, 0.00044696700024360325, 0.00042746100007207133, 0.0003832040001725545, 0.0003951660000893753, 0.00048399400020571193, 0.00040972500028146897, 0.0005102569998598483, 0.0006869159997222596, 0.0003899949997503427, 0.0004274100001566694, 0.00039862899984655087, 0.00035497899989422876, 0.0003262830000494432, 0.0003214650000700203, 0.00036615199996958836, 0.0003833820001091226, 0.0003897260003213887, 0.0005008430002817477, 0.00037486299970623804, 0.0003443870000410243, 0.0004259049997017428, 0.00038446300004579825, 0.0004808590001630364, 0.00033408399986001314, 0.0004955289996360079, 0.0005360909999581054, 0.0004576940000333707, 0.0003520299997035181, 
0.0006252500002119632, 0.0007081640001160849, 0.0006366319998960535, 0.0006136520000836754, 0.0011751239999284735, 0.0007261649998326902, 0.000730268000097567, 0.00075095300007888, 0.0004978319998372172, 0.00044602800016946276, 0.0003844980001304066, 0.0005165919997125457, 0.0007641160000275704, 0.00036290999969423865, 0.0004721999998764659, 0.0004936649997944187, 0.00037837700028831023, 0.0004355809996923199, 0.0004153099998802645, 0.00040279199993165093, 0.0004882429998360749, 0.0003555570001481101, 0.00033999200013568043, 0.0003266270000494842, 0.0003275540002505295, 0.0003625180002018169, 0.0003976680000050692, 0.0004020310002488259, 0.00044500299964056467, 0.0003782339999816031, 0.000357181999788736, 0.0004273800000191841, 0.00036267299992687185, 0.00041771399992285296, 0.00034785999969244585, 0.0004170949996478157, 0.000432854999871779, 0.00045048499987387913, 0.0003919159998986288, 
0.0007717159996900591, 0.0006687779996354948, 0.0006454399999711313, 0.0006236299996089656, 0.001264825999896857, 0.0007360300000982534, 0.0007098280002537649, 0.001024896000217268, 0.0011752980003620905, 0.0006965170000512444, 0.0007485800001632015, 0.0008088969998425455, 0.0008743030002733576, 0.0008061459998316423, 0.0007652610001969151, 0.0005053449999650184, 0.00038813299988760264, 0.000627916999746958, 0.0005489840000336699, 0.0005936699999438133, 0.0005811060000269208, 0.00036144600016996264, 0.00036438400002225535, 0.00032411399979537237, 0.00045792600030836184, 0.0004522510002971103, 0.00037757799964310834, 0.00038060999986555544, 0.0004815409997718234, 0.0004933740001433762, 0.00034374899996691965, 0.0004701180000665772, 0.0003614289998949971, 0.00047016700000312994, 0.0003716159999385127, 0.0004583669997373363, 0.0004142860002502857, 0.00044838599978902494, 0.00037175899979047244, 
0.0006136179999884916, 0.0006902039999658882, 0.0006243520001589786, 0.0006085029999667313, 0.0032092450001073303, 0.0011181669997313293, 0.0007211950000964862, 0.0007344430000557622, 0.000750852999772178, 0.0006972280002628395, 0.000770647000081226, 0.0007214450001811201, 0.0006732040001224959, 0.0007759580003039446, 0.0006683569999950123, 0.0010149730001103308, 0.000772265000250627, 0.0005729360000259476, 0.0004962530001648702, 0.00035316100002091844, 0.0004357060001893842, 0.0003801479997491697, 0.0003746460001821106, 0.0003328469997541106, 0.0003323740002088016, 0.0003564629996617441, 0.00040665699998498894, 0.0003828439998869726, 0.0004785380001521844, 0.00037311500000214437, 0.00035149699988323846, 0.0004266330001883034, 0.0003647379999165423, 0.000429228999564657, 0.0003571000002011715, 0.000472348000130296, 0.0004593509997903311, 0.00044278199993641465, 0.00034722700002021156, 
0.0006180370000947732, 0.0007095179998941603, 0.0006452039997384418, 0.0006249059997571749, 0.0009976739997910045, 0.0007173079998210596, 0.000784787000156939, 0.0007766479998281284, 0.0008546920003027481, 0.0007981020003171579, 0.0008030950002648751, 0.0007350739997491473, 0.0007241910002449004, 0.0007185419999586884, 0.0006595690001631738, 0.0010158209997825907, 0.0007996189997356851, 0.0007031700001789432, 0.0007389949996650103, 0.0007542000003013527, 0.0008779320000940061, 0.0008028180000110297, 0.0008783830003267212, 0.0006610139998883824, 0.0007096939998518792, 0.0006433690000449133, 0.0007667559998481011, 0.0007462979997399088, 0.0008155709997481608, 0.0007911349998721562, 0.0006854540001768328, 0.0008242750000135857, 0.0006930070003363653, 0.0007962770000631281, 0.0006757119999747374, 0.0007813409997652343, 0.0008132510001814808, 0.0008265829997071705, 0.0007007140002315282, 
0.0006160799998724542, 0.0006605990001844475, 0.0006249299999581126, 0.0006263929999477114, 0.0008806249998087878, 0.0006135889998404309, 0.0005272000003060384, 0.0005815140002596308, 0.0005931059999966237, 0.0005309299999680661, 0.0005773010002485535, 0.0006022899997333298, 0.0003827800001090509, 0.0004074630001014157, 0.00036084300018046633, 0.00048620600000504055, 0.0003754879999178229, 0.00040854200005924213, 0.0003932270001314464, 0.00037471200039362884, 0.000420787000166456, 0.00037368399989645695, 0.0003609429995776736, 0.00033184700032506953, 0.0003106029998889426, 0.00035358000013729907, 0.0003770299999814597, 0.0003879920000144921, 0.0004383770001368248, 0.00038489899998239707, 0.0003470390001893975, 0.0004369419998511148, 0.00037472700023499783, 0.0004158669999014819, 0.00033211300024049706, 0.0004646769998544187, 0.0004220000000714208, 0.00042290300007152837, 0.00033794699993450195, 
0.0006751800001438824, 0.0006808909997744195, 0.0006695970000691887, 0.0006292690000009316, 0.0025918720002664486, 0.0007037549999040493, 0.0007117350000953593, 0.0008137730001180898, 0.0009227929999724438, 0.0006868870000289462, 0.0007587529999000253, 0.001051250000273285, 0.0007484399998247682, 0.00040277300013258355, 0.00036819700017076684, 0.0004843400001846021, 0.00038296499997159117, 0.0004187859999547072, 0.0003973799998675531, 0.0003728239998963545, 0.00042422400019859197, 0.00037396599964267807, 0.0003729360000761517, 0.0003524870003275282, 0.0003262559998802317, 0.00033420500039937906, 0.00038657000004604924, 0.00039062699988789973, 0.00044272800005273893, 0.0004763239999192592, 0.0004130770003030193, 0.0004837989999941783, 0.00036128100009591435, 0.00043376299981900956, 0.000341561999903206, 0.00041926599988073576, 0.00043908399993597413, 0.0004272099999980128, 0.0003498519999993732, 


