0.03588080406188965, 0.04486370086669922, 0.0288543701171875, 0.0032494068145751953, 0.05404472351074219, 0.06912541389465332, 0.07882142066955566, 0.05152297019958496, 0.040930747985839844, 0.0036156177520751953, 0.0006649494171142578, 0.0014698505401611328, 0.003005504608154297, 
0.0002932548522949219, 0.00032329559326171875, 0.0003006458282470703, 0.00031065940856933594, 0.0004298686981201172, 0.0003879070281982422, 0.0004241466522216797, 0.00040411949157714844, 0.0003407001495361328, 0.0003669261932373047, 0.00039458274841308594, 0.0003948211669921875, 0.00040078163146972656, 
0.00028824806213378906, 0.0003120899200439453, 0.00031447410583496094, 0.0002791881561279297, 0.0004355907440185547, 0.00044274330139160156, 0.0004839897155761719, 0.0005762577056884766, 0.0004737377166748047, 0.0003974437713623047, 0.0003924369812011719, 0.0003910064697265625, 0.0003376007080078125, 
0.000453948974609375, 0.0004887580871582031, 0.0004584789276123047, 0.0004601478576660156, 0.00042891502380371094, 0.0003647804260253906, 0.0004925727844238281, 0.00045609474182128906, 0.0003609657287597656, 0.00034880638122558594, 0.0003948211669921875, 0.00036835670471191406, 0.00035452842712402344, 
0.000331878662109375, 0.0005023479461669922, 0.00037217140197753906, 0.00034046173095703125, 0.00044608116149902344, 0.0003552436828613281, 0.0004916191101074219, 0.0004475116729736328, 0.0003440380096435547, 0.0003619194030761719, 0.000415802001953125, 0.0003695487976074219, 0.00034928321838378906, 
0.0005578994750976562, 0.0005979537963867188, 0.0005638599395751953, 0.0005583763122558594, 0.00042128562927246094, 0.0003402233123779297, 0.0004112720489501953, 0.0004355907440185547, 0.0003979206085205078, 0.0003457069396972656, 0.00036406517028808594, 0.00035119056701660156, 0.00035834312438964844, 
0.0005657672882080078, 0.0006146430969238281, 0.0005807876586914062, 0.0005815029144287109, 0.0004258155822753906, 0.00035262107849121094, 0.0004565715789794922, 0.0004315376281738281, 0.00039076805114746094, 0.00036072731018066406, 0.0003864765167236328, 0.0003726482391357422, 0.00038170814514160156, 
0.0003561973571777344, 0.0005970001220703125, 0.00037097930908203125, 0.00036144256591796875, 0.00041866302490234375, 0.0003833770751953125, 0.00042247772216796875, 0.0004322528839111328, 0.0003535747528076172, 0.00035858154296875, 0.00038170814514160156, 0.0003509521484375, 0.0003256797790527344, 
0.0003001689910888672, 0.0003364086151123047, 0.0003018379211425781, 0.0002894401550292969, 0.00043702125549316406, 0.0003514289855957031, 0.00042438507080078125, 0.0004723072052001953, 0.0003402233123779297, 0.00034046173095703125, 0.0003685951232910156, 0.0003726482391357422, 0.00034308433532714844, 
0.0003743171691894531, 0.00032782554626464844, 0.0003037452697753906, 0.00044035911560058594, 0.0004222393035888672, 0.00034999847412109375, 0.00046706199645996094, 0.00046253204345703125, 0.000385284423828125, 0.00036144256591796875, 0.00037479400634765625, 0.00036835670471191406, 0.00035262107849121094, 


0.0011212825775146484, 0.0012102127075195312, 0.0011284351348876953, 0.0011718273162841797, 0.001711130142211914, 0.035262107849121094, 0.0198211669921875, 0.0016398429870605469, 
0.00047707557678222656, 0.0005130767822265625, 0.0004696846008300781, 0.0004639625549316406, 0.0006814002990722656, 0.00032639503479003906, 0.0003504753112792969, 0.00036072731018066406, 
0.0004634857177734375, 0.0005021095275878906, 0.0004684925079345703, 0.0004642009735107422, 0.000705718994140625, 0.0003113746643066406, 0.00035119056701660156, 0.0003559589385986328, 
0.0002911090850830078, 0.00031828880310058594, 0.0002980232238769531, 0.0002987384796142578, 0.0007085800170898438, 0.0003528594970703125, 0.0003402233123779297, 0.0004096031188964844, 
0.0002880096435546875, 0.00031447410583496094, 0.0003058910369873047, 0.0004162788391113281, 0.0006937980651855469, 0.00046253204345703125, 0.0004909038543701172, 0.0005166530609130859, 
0.0004825592041015625, 0.0005085468292236328, 0.0004782676696777344, 0.0004608631134033203, 0.0006859302520751953, 0.00044536590576171875, 0.0005130767822265625, 0.0005004405975341797, 
0.0004658699035644531, 0.0005061626434326172, 0.0004677772521972656, 0.00045609474182128906, 0.0006718635559082031, 0.0003325939178466797, 0.000339508056640625, 0.00035190582275390625, 
0.0002989768981933594, 0.00031828880310058594, 0.0004317760467529297, 0.0002815723419189453, 0.0006861686706542969, 0.0003323554992675781, 0.00036716461181640625, 0.0003681182861328125, 
0.00045037269592285156, 0.0004966259002685547, 0.00047898292541503906, 0.0004591941833496094, 0.000728607177734375, 0.0004725456237792969, 0.0005321502685546875, 0.0005106925964355469, 
0.0004887580871582031, 0.0005402565002441406, 0.0004980564117431641, 0.0004837512969970703, 0.0006663799285888672, 0.0003540515899658203, 0.00036644935607910156, 0.0003802776336669922, 


0.0012874603271484375, 0.0013921260833740234, 0.0013005733489990234, 0.0012629032135009766, 0.0014905929565429688, 0.00047779083251953125, 0.02224278450012207, 0.001997709274291992, 0.0005986690521240234, 0.015517711639404297, 0.0014731884002685547, 0.0006399154663085938, 0.014169454574584961, 0.0017275810241699219, 0.016126632690429688, 0.0013611316680908203, 0.0012712478637695312, 0.0226590633392334, 0.030025959014892578, 0.001674652099609375, 0.012763261795043945, 0.0007884502410888672, 0.0013604164123535156, 0.0014917850494384766, 0.0008628368377685547, 0.0020678043365478516, 0.002162933349609375, 0.0207827091217041, 0.0039937496185302734, 0.0013699531555175781, 0.0006182193756103516, 0.0006458759307861328, 0.0014350414276123047, 
0.0002913475036621094, 0.00032067298889160156, 0.00029659271240234375, 0.00028443336486816406, 0.0004062652587890625, 0.0003082752227783203, 0.0006127357482910156, 0.0004782676696777344, 0.0004563331604003906, 0.0005371570587158203, 0.00035762786865234375, 0.00035858154296875, 0.00032401084899902344, 0.00038909912109375, 0.0003399848937988281, 0.00044989585876464844, 0.0003762245178222656, 0.00040721893310546875, 0.00044846534729003906, 0.0004703998565673828, 0.0003974437713623047, 0.0004291534423828125, 0.0003402233123779297, 0.0003559589385986328, 0.0003845691680908203, 0.0003921985626220703, 0.000362396240234375, 0.0005147457122802734, 0.0004680156707763672, 0.0003924369812011719, 0.00034809112548828125, 0.0003142356872558594, 0.0004911422729492188, 
0.00028586387634277344, 0.00032067298889160156, 0.0002944469451904297, 0.0002872943878173828, 0.0004146099090576172, 0.0002956390380859375, 0.0006008148193359375, 0.00047087669372558594, 0.0003681182861328125, 0.0003657341003417969, 0.0003600120544433594, 0.0003631114959716797, 0.00032806396484375, 0.00033402442932128906, 0.0003421306610107422, 0.0004444122314453125, 0.0004031658172607422, 0.0004127025604248047, 0.0004115104675292969, 0.00037169456481933594, 0.0003292560577392578, 0.0003447532653808594, 0.0003364086151123047, 0.0003352165222167969, 0.0003743171691894531, 0.0003733634948730469, 0.0003361701965332031, 0.0004868507385253906, 0.00041484832763671875, 0.0003876686096191406, 0.0003476142883300781, 0.0003113746643066406, 0.0004000663757324219, 
0.00028252601623535156, 0.00031757354736328125, 0.0002949237823486328, 0.00028514862060546875, 0.0004527568817138672, 0.00031828880310058594, 0.0005767345428466797, 0.00043582916259765625, 0.0004265308380126953, 0.0003714561462402344, 0.0003516674041748047, 0.0003597736358642578, 0.0003771781921386719, 0.0003457069396972656, 0.0003485679626464844, 0.0004394054412841797, 0.0004451274871826172, 0.0004382133483886719, 0.0004150867462158203, 0.00035834312438964844, 0.0003790855407714844, 0.0003941059112548828, 0.0004391670227050781, 0.0003535747528076172, 0.0003910064697265625, 0.0003821849822998047, 0.0003464221954345703, 0.0004677772521972656, 0.0004336833953857422, 0.00044727325439453125, 0.00032067298889160156, 0.00029587745666503906, 0.0003933906555175781, 
0.00028443336486816406, 0.0003173351287841797, 0.00029158592224121094, 0.000286102294921875, 0.0004086494445800781, 0.00030994415283203125, 0.0005662441253662109, 0.0004742145538330078, 0.00038504600524902344, 0.00036597251892089844, 0.00034165382385253906, 0.00036072731018066406, 0.0003254413604736328, 0.00033164024353027344, 0.0003483295440673828, 0.00044536590576171875, 0.00040602684020996094, 0.0004649162292480469, 0.0004165172576904297, 0.0003693103790283203, 0.0003368854522705078, 0.0003457069396972656, 0.0003402233123779297, 0.0003402233123779297, 0.0003693103790283203, 0.0004220008850097656, 0.000362396240234375, 0.0004360675811767578, 0.00041604042053222656, 0.0004062652587890625, 0.00032019615173339844, 0.0002970695495605469, 0.0004143714904785156, 
0.0002827644348144531, 0.00031566619873046875, 0.0002892017364501953, 0.0002796649932861328, 0.0007882118225097656, 0.0006268024444580078, 0.0008296966552734375, 0.0007114410400390625, 0.0006680488586425781, 0.000720977783203125, 0.0006949901580810547, 0.0006954669952392578, 0.000759124755859375, 0.0006692409515380859, 0.0007317066192626953, 0.0008001327514648438, 0.0007882118225097656, 0.0007646083831787109, 0.0008819103240966797, 0.0007967948913574219, 0.0007319450378417969, 0.0007231235504150391, 0.0006711483001708984, 0.0006873607635498047, 0.0007369518280029297, 0.0007205009460449219, 0.0007398128509521484, 0.0007772445678710938, 0.0007598400115966797, 0.0007319450378417969, 0.0006303787231445312, 0.0006577968597412109, 0.0007352828979492188, 
0.0002865791320800781, 0.0003249645233154297, 0.0002906322479248047, 0.00028443336486816406, 0.00041365623474121094, 0.00030231475830078125, 0.0005705356597900391, 0.00046706199645996094, 0.0003814697265625, 0.0003821849822998047, 0.0003228187561035156, 0.00035881996154785156, 0.0003333091735839844, 0.0003275871276855469, 0.0003485679626464844, 0.0004334449768066406, 0.0004050731658935547, 0.0004191398620605469, 0.0005021095275878906, 0.00037026405334472656, 0.0003490447998046875, 0.0003211498260498047, 0.00034809112548828125, 0.00035953521728515625, 0.0003647804260253906, 0.00040602684020996094, 0.0003790855407714844, 0.000469207763671875, 0.0004456043243408203, 0.0003764629364013672, 0.0003159046173095703, 0.0003039836883544922, 0.00041675567626953125, 
0.00028586387634277344, 0.0003204345703125, 0.0002956390380859375, 0.000286102294921875, 0.0007803440093994141, 0.0006492137908935547, 0.0008671283721923828, 0.0006699562072753906, 0.0006418228149414062, 0.0007338523864746094, 0.0006711483001708984, 0.0011856555938720703, 0.0009853839874267578, 0.0009911060333251953, 0.0010175704956054688, 0.0012516975402832031, 0.0010652542114257812, 0.0007631778717041016, 0.0010902881622314453, 0.0007078647613525391, 0.0007569789886474609, 0.0006859302520751953, 0.0007560253143310547, 0.0006670951843261719, 0.0007424354553222656, 0.0007302761077880859, 0.0007073879241943359, 0.0007719993591308594, 0.0007569789886474609, 0.0007421970367431641, 0.0006275177001953125, 0.0005943775177001953, 0.0007619857788085938, 
0.00028204917907714844, 0.0003082752227783203, 0.0002865791320800781, 0.0002734661102294922, 0.0004127025604248047, 0.0003077983856201172, 0.000606536865234375, 0.0005052089691162109, 0.0004096031188964844, 0.0005154609680175781, 0.00034737586975097656, 0.0003619194030761719, 0.0003273487091064453, 0.00034880638122558594, 0.0003428459167480469, 0.0004737377166748047, 0.0003883838653564453, 0.0004093647003173828, 0.00048065185546875, 0.00039005279541015625, 0.00034427642822265625, 0.00032782554626464844, 0.0003669261932373047, 0.00032973289489746094, 0.00037670135498046875, 0.00038695335388183594, 0.00037384033203125, 0.0004119873046875, 0.0004405975341796875, 0.00037741661071777344, 0.00033855438232421875, 0.0002968311309814453, 0.0007317066192626953, 
0.0002892017364501953, 0.0003197193145751953, 0.0003173351287841797, 0.0002841949462890625, 0.00040912628173828125, 0.0003139972686767578, 0.0005929470062255859, 0.0004973411560058594, 0.0003998279571533203, 0.00041794776916503906, 0.0003752708435058594, 0.00037169456481933594, 0.0003647804260253906, 0.00036597251892089844, 0.0003600120544433594, 0.00041413307189941406, 0.0003962516784667969, 0.0004184246063232422, 0.00041961669921875, 0.0003871917724609375, 0.00035381317138671875, 0.0003819465637207031, 0.0003654956817626953, 0.00034880638122558594, 0.00037169456481933594, 0.0003871917724609375, 0.0003504753112792969, 0.0004646778106689453, 0.0004131793975830078, 0.0003941059112548828, 0.0003516674041748047, 0.00028634071350097656, 0.00041675567626953125, 


0.0012123584747314453, 0.0012311935424804688, 0.0012717247009277344, 0.0011301040649414062, 0.0016138553619384766, 0.002086639404296875, 0.0013484954833984375, 0.028332233428955078, 0.025620460510253906, 0.0007476806640625, 0.00998067855834961, 0.0016198158264160156, 0.0013232231140136719, 0.015633344650268555, 0.0010292530059814453, 0.0008835792541503906, 0.0009543895721435547, 0.0009775161743164062, 0.02253866195678711, 0.0011386871337890625, 0.0006718635559082031, 0.0007586479187011719, 0.029474973678588867, 0.0012469291687011719, 0.0015234947204589844, 0.0038530826568603516, 0.014159917831420898, 0.0018582344055175781, 0.0009291172027587891, 0.0005638599395751953, 
0.0004837512969970703, 0.0005109310150146484, 0.0005207061767578125, 0.0004725456237792969, 0.0008018016815185547, 0.0005657672882080078, 0.0004546642303466797, 0.0005273818969726562, 0.0004761219024658203, 0.0005338191986083984, 0.0006928443908691406, 0.0005338191986083984, 0.0004966259002685547, 0.0004918575286865234, 0.0006289482116699219, 0.0004951953887939453, 0.0005669593811035156, 0.0005204677581787109, 0.0006463527679443359, 0.0005347728729248047, 0.00051116943359375, 0.0006024837493896484, 0.00045609474182128906, 0.0004649162292480469, 0.0005700588226318359, 0.0005209445953369141, 0.0005106925964355469, 0.0005526542663574219, 0.0004341602325439453, 0.00046753883361816406, 
0.00029206275939941406, 0.0003466606140136719, 0.0002999305725097656, 0.00028443336486816406, 0.0008256435394287109, 0.0003905296325683594, 0.0003840923309326172, 0.00035190582275390625, 0.00034880638122558594, 0.00036716461181640625, 0.0004506111145019531, 0.0003876686096191406, 0.0004048347473144531, 0.0004138946533203125, 0.00043845176696777344, 0.0003619194030761719, 0.0003807544708251953, 0.00036025047302246094, 0.00048089027404785156, 0.00039124488830566406, 0.000423431396484375, 0.0005037784576416016, 0.0003178119659423828, 0.0003743171691894531, 0.00037097930908203125, 0.000362396240234375, 0.000335693359375, 0.0003743171691894531, 0.0003066062927246094, 0.0003275871276855469, 
0.00031375885009765625, 0.0003256797790527344, 0.0003077983856201172, 0.00028395652770996094, 0.0008046627044677734, 0.000545501708984375, 0.0004360675811767578, 0.00049591064453125, 0.0004787445068359375, 0.0005228519439697266, 0.0006597042083740234, 0.0005369186401367188, 0.0005021095275878906, 0.0005519390106201172, 0.0006215572357177734, 0.0004673004150390625, 0.0005886554718017578, 0.0005490779876708984, 0.0006394386291503906, 0.0005095005035400391, 0.0005331039428710938, 0.0006082057952880859, 0.0004372596740722656, 0.0005025863647460938, 0.000400543212890625, 0.0003972053527832031, 0.0003497600555419922, 0.000362396240234375, 0.00033736228942871094, 0.00032782554626464844, 
0.00030517578125, 0.0003204345703125, 0.0002968311309814453, 0.00028586387634277344, 0.0007913112640380859, 0.0003821849822998047, 0.00032806396484375, 0.0003447532653808594, 0.0003464221954345703, 0.00034356117248535156, 0.00048422813415527344, 0.0003986358642578125, 0.0003933906555175781, 0.0003857612609863281, 0.00045800209045410156, 0.00038695335388183594, 0.00037932395935058594, 0.00037097930908203125, 0.0004208087921142578, 0.0003833770751953125, 0.000354766845703125, 0.00043964385986328125, 0.0003082752227783203, 0.00033593177795410156, 0.0003628730773925781, 0.0003523826599121094, 0.0003390312194824219, 0.000354766845703125, 0.0003650188446044922, 0.00032329559326171875, 
0.00030040740966796875, 0.0003154277801513672, 0.00031280517578125, 0.0002818107604980469, 0.0008950233459472656, 0.00037407875061035156, 0.00032901763916015625, 0.0003600120544433594, 0.00035881996154785156, 0.00040221214294433594, 0.0004467964172363281, 0.00039196014404296875, 0.00039267539978027344, 0.0004076957702636719, 0.0004379749298095703, 0.0004127025604248047, 0.00038814544677734375, 0.0003631114959716797, 0.00047659873962402344, 0.00037479400634765625, 0.00036263465881347656, 0.000469207763671875, 0.0003185272216796875, 0.00034308433532714844, 0.00041604042053222656, 0.00039768218994140625, 0.00034689903259277344, 0.0003578662872314453, 0.0003104209899902344, 0.00032329559326171875, 
0.0002913475036621094, 0.0003342628479003906, 0.0003097057342529297, 0.00028586387634277344, 0.000990152359008789, 0.00037479400634765625, 0.0003731250762939453, 0.0003757476806640625, 0.0003783702850341797, 0.00034618377685546875, 0.0005152225494384766, 0.0004260540008544922, 0.00046181678771972656, 0.0004069805145263672, 0.0004680156707763672, 0.00041222572326660156, 0.00037670135498046875, 0.000385284423828125, 0.00048828125, 0.00038695335388183594, 0.0003962516784667969, 0.00040411949157714844, 0.0003402233123779297, 0.0003743171691894531, 0.0003628730773925781, 0.00038123130798339844, 0.00037360191345214844, 0.0004143714904785156, 0.0004451274871826172, 0.0003230571746826172, 
0.00029969215393066406, 0.0004470348358154297, 0.0003273487091064453, 0.0002906322479248047, 0.0008068084716796875, 0.0005259513854980469, 0.0005276203155517578, 0.0004241466522216797, 0.00036907196044921875, 0.0003561973571777344, 0.0004420280456542969, 0.0004131793975830078, 0.000415802001953125, 0.00037789344787597656, 0.0004591941833496094, 0.00036025047302246094, 0.0003895759582519531, 0.00037479400634765625, 0.0004677772521972656, 0.00037598609924316406, 0.00035452842712402344, 0.0004544258117675781, 0.00030732154846191406, 0.000484466552734375, 0.00036525726318359375, 0.0003647804260253906, 0.0003376007080078125, 0.000362396240234375, 0.0003006458282470703, 0.0002942085266113281, 
0.0003437995910644531, 0.000335693359375, 0.00032210350036621094, 0.0003008842468261719, 0.0007920265197753906, 0.0003895759582519531, 0.0003650188446044922, 0.00036334991455078125, 0.0003941059112548828, 0.0003337860107421875, 0.0004649162292480469, 0.00047707557678222656, 0.0003924369812011719, 0.0004055500030517578, 0.000446319580078125, 0.0004189014434814453, 0.0003757476806640625, 0.0004258155822753906, 0.0004754066467285156, 0.0004248619079589844, 0.0003616809844970703, 0.0004673004150390625, 0.00045108795166015625, 0.0003695487976074219, 0.0003750324249267578, 0.0004837512969970703, 0.0004444122314453125, 0.00037288665771484375, 0.00032639503479003906, 0.00029659271240234375, 
0.0003337860107421875, 0.00032138824462890625, 0.00029921531677246094, 0.00028204917907714844, 0.00079345703125, 0.0003719329833984375, 0.0003228187561035156, 0.00036787986755371094, 0.0004451274871826172, 0.0003552436828613281, 0.00044846534729003906, 0.00040078163146972656, 0.00044465065002441406, 0.0004105567932128906, 0.00044727325439453125, 0.00035881996154785156, 0.00040912628173828125, 0.0003840923309326172, 0.00045871734619140625, 0.0003819465637207031, 0.0003619194030761719, 0.0004525184631347656, 0.0003266334533691406, 0.0003380775451660156, 0.0003619194030761719, 0.00037288665771484375, 0.00032973289489746094, 0.0003619194030761719, 0.00032830238342285156, 0.00032210350036621094, 


0.00044417381286621094, 0.00046825408935546875, 0.00038623809814453125, 0.00036406517028808594, 0.024924278259277344, 0.011832714080810547, 0.04520750045776367, 0.00045371055603027344, 0.0011088848114013672, 0.0005061626434326172, 0.0008289813995361328, 0.0011186599731445312, 0.0010955333709716797, 0.016973257064819336, 0.016005992889404297, 
0.00032401084899902344, 0.00032401084899902344, 0.00030303001403808594, 0.0002849102020263672, 0.0009555816650390625, 0.0004215240478515625, 0.0004818439483642578, 0.00039768218994140625, 0.000469207763671875, 0.0003445148468017578, 0.0005276203155517578, 0.00046062469482421875, 0.00041031837463378906, 0.00037217140197753906, 0.0003952980041503906, 
0.0004980564117431641, 0.0005090236663818359, 0.0005037784576416016, 0.0004887580871582031, 0.0008845329284667969, 0.0005791187286376953, 0.0006463527679443359, 0.0006051063537597656, 0.0006039142608642578, 0.0004303455352783203, 0.000507354736328125, 0.0004601478576660156, 0.00044083595275878906, 0.00037384033203125, 0.0004661083221435547, 
0.0003066062927246094, 0.00032711029052734375, 0.0003371238708496094, 0.0003428459167480469, 0.0007104873657226562, 0.00041866302490234375, 0.0004417896270751953, 0.0004572868347167969, 0.0003955364227294922, 0.0003764629364013672, 0.0005059242248535156, 0.00048470497131347656, 0.0004353523254394531, 0.00037932395935058594, 0.00040459632873535156, 
0.0003151893615722656, 0.0003261566162109375, 0.0002913475036621094, 0.0006792545318603516, 0.0008916854858398438, 0.0005688667297363281, 0.0006206035614013672, 0.0005955696105957031, 0.0006051063537597656, 0.0004508495330810547, 0.0007357597351074219, 0.0005962848663330078, 0.0005545616149902344, 0.0005550384521484375, 0.00038886070251464844, 
0.00029397010803222656, 0.0003154277801513672, 0.00029730796813964844, 0.00028634071350097656, 0.0008759498596191406, 0.00041031837463378906, 0.0004334449768066406, 0.0004317760467529297, 0.0003955364227294922, 0.00030684471130371094, 0.0005576610565185547, 0.0004832744598388672, 0.0004165172576904297, 0.0003752708435058594, 0.0003857612609863281, 
0.0004763603210449219, 0.0005025863647460938, 0.00047326087951660156, 0.0004546642303466797, 0.0007979869842529297, 0.000598907470703125, 0.0006117820739746094, 0.0005891323089599609, 0.0006062984466552734, 0.00044655799865722656, 0.0006668567657470703, 0.0005931854248046875, 0.0005412101745605469, 0.0005562305450439453, 0.000469207763671875, 
0.0002982616424560547, 0.0003170967102050781, 0.0002961158752441406, 0.00029587745666503906, 0.0007915496826171875, 0.00040650367736816406, 0.00043463706970214844, 0.00040221214294433594, 0.00043511390686035156, 0.00035071372985839844, 0.0004749298095703125, 0.0004379749298095703, 0.00040459632873535156, 0.0003685951232910156, 0.00038933753967285156, 
0.00029659271240234375, 0.0003178119659423828, 0.000293731689453125, 0.00028061866760253906, 0.0007944107055664062, 0.00039768218994140625, 0.0004382133483886719, 0.00039958953857421875, 0.0004017353057861328, 0.0003676414489746094, 0.0004851818084716797, 0.0004940032958984375, 0.0004062652587890625, 0.0003764629364013672, 0.00042557716369628906, 
0.0004956722259521484, 0.00036072731018066406, 0.0003902912139892578, 0.0003058910369873047, 0.0008826255798339844, 0.0003955364227294922, 0.0004057884216308594, 0.0003993511199951172, 0.0003981590270996094, 0.00031375885009765625, 0.0004992485046386719, 0.0004444122314453125, 0.00041937828063964844, 0.0003795623779296875, 0.0005376338958740234, 


0.0011050701141357422, 0.0012331008911132812, 0.0012555122375488281, 0.0011684894561767578, 0.015341997146606445, 0.0018198490142822266, 0.0023267269134521484, 0.0008490085601806641, 0.0014958381652832031, 0.0205690860748291, 0.0010197162628173828, 0.0003833770751953125, 0.001173257827758789, 0.001201629638671875, 0.0007781982421875, 0.001241445541381836, 0.0005693435668945312, 0.0009808540344238281, 0.0004076957702636719, 0.0006229877471923828, 0.012678146362304688, 0.0007472038269042969, 0.0013499259948730469, 0.03181791305541992, 0.0011110305786132812, 0.014681339263916016, 0.0007481575012207031, 0.0007579326629638672, 0.0014719963073730469, 0.015076160430908203, 0.00041294097900390625, 0.0006856918334960938, 0.0006313323974609375, 0.012166500091552734, 
0.00034117698669433594, 0.0003628730773925781, 0.0003361701965332031, 0.0003044605255126953, 0.00041556358337402344, 0.0003783702850341797, 0.00040221214294433594, 0.0003275871276855469, 0.0003750324249267578, 0.00043082237243652344, 0.0003790855407714844, 0.00032830238342285156, 0.0003542900085449219, 0.0004296302795410156, 0.0003390312194824219, 0.0003535747528076172, 0.0005064010620117188, 0.00036263465881347656, 0.0003514289855957031, 0.000354766845703125, 0.00037670135498046875, 0.0003676414489746094, 0.00031447410583496094, 0.0003032684326171875, 0.0002865791320800781, 0.0003516674041748047, 0.00029754638671875, 0.0004341602325439453, 0.0003094673156738281, 0.00039649009704589844, 0.00034809112548828125, 0.0003349781036376953, 0.0003330707550048828, 0.0003437995910644531, 
0.0005781650543212891, 0.0006575584411621094, 0.0006120204925537109, 0.000640869140625, 0.0007357597351074219, 0.0007779598236083984, 0.0007951259613037109, 0.0006260871887207031, 0.0007300376892089844, 0.0007953643798828125, 0.0007781982421875, 0.0006668567657470703, 0.0007050037384033203, 0.0006225109100341797, 0.0007290840148925781, 0.0006651878356933594, 0.0007593631744384766, 0.0007374286651611328, 0.0006978511810302734, 0.0006582736968994141, 0.0004067420959472656, 0.0004010200500488281, 0.0003247261047363281, 0.0003066062927246094, 0.0002963542938232422, 0.0003998279571533203, 0.00033354759216308594, 0.0003864765167236328, 0.00030303001403808594, 0.0003924369812011719, 0.0003535747528076172, 0.0003540515899658203, 0.0003266334533691406, 0.0005033016204833984, 
0.0005795955657958984, 0.0006568431854248047, 0.0006215572357177734, 0.0007150173187255859, 0.0007548332214355469, 0.0007474422454833984, 0.0007603168487548828, 0.0007336139678955078, 0.0008883476257324219, 0.0007982254028320312, 0.0007233619689941406, 0.0007150173187255859, 0.0006823539733886719, 0.0006029605865478516, 0.0007240772247314453, 0.0006427764892578125, 0.0007309913635253906, 0.00039076805114746094, 0.00041794776916503906, 0.0003833770751953125, 0.00047278404235839844, 0.00041937828063964844, 0.00032806396484375, 0.00032711029052734375, 0.00029206275939941406, 0.0003349781036376953, 0.000324249267578125, 0.00039696693420410156, 0.0003085136413574219, 0.00039505958557128906, 0.0003705024719238281, 0.00034236907958984375, 0.0003402233123779297, 0.0003371238708496094, 
0.0005962848663330078, 0.0006470680236816406, 0.0006215572357177734, 0.0005984306335449219, 0.0007464885711669922, 0.0007386207580566406, 0.0007703304290771484, 0.00074005126953125, 0.0008151531219482422, 0.0007801055908203125, 0.0007302761077880859, 0.0006525516510009766, 0.000682830810546875, 0.0006127357482910156, 0.0006687641143798828, 0.0006463527679443359, 0.0007352828979492188, 0.0007126331329345703, 0.0007081031799316406, 0.0006709098815917969, 0.0007159709930419922, 0.0007231235504150391, 0.0006532669067382812, 0.0006701946258544922, 0.0005011558532714844, 0.0004799365997314453, 0.0004725456237792969, 0.0004324913024902344, 0.00033020973205566406, 0.0004291534423828125, 0.0003781318664550781, 0.00034356117248535156, 0.00033855438232421875, 0.0003337860107421875, 
0.0005834102630615234, 0.0006456375122070312, 0.0006015300750732422, 0.0006368160247802734, 0.00093841552734375, 0.0008144378662109375, 0.0007598400115966797, 0.0006513595581054688, 0.0007331371307373047, 0.0007305145263671875, 0.000720977783203125, 0.0006546974182128906, 0.0006682872772216797, 0.0006473064422607422, 0.0007102489471435547, 0.0006396770477294922, 0.00042319297790527344, 0.00037550926208496094, 0.0003578662872314453, 0.0003571510314941406, 0.0003688335418701172, 0.0003752708435058594, 0.0003247261047363281, 0.0003170967102050781, 0.00031280517578125, 0.0003361701965332031, 0.0003249645233154297, 0.0004534721374511719, 0.0003559589385986328, 0.00041961669921875, 0.0003724098205566406, 0.00037741661071777344, 0.00032329559326171875, 0.00034236907958984375, 
0.0005974769592285156, 0.0006427764892578125, 0.0006000995635986328, 0.0006158351898193359, 0.0010578632354736328, 0.0011053085327148438, 0.0011839866638183594, 0.0009570121765136719, 0.0010623931884765625, 0.001054525375366211, 0.0007302761077880859, 0.0006623268127441406, 0.0004394054412841797, 0.0003628730773925781, 0.0003542900085449219, 0.00038123130798339844, 0.00040340423583984375, 0.0003712177276611328, 0.0003600120544433594, 0.000335693359375, 0.00039076805114746094, 0.00039887428283691406, 0.00034880638122558594, 0.0003185272216796875, 0.00030922889709472656, 0.00040340423583984375, 0.00033926963806152344, 0.0003962516784667969, 0.0002968311309814453, 0.0003986358642578125, 0.0005075931549072266, 0.0005667209625244141, 0.00045752525329589844, 0.0005095005035400391, 
0.0006055831909179688, 0.0006611347198486328, 0.0006275177001953125, 0.0006244182586669922, 0.00040531158447265625, 0.00039267539978027344, 0.0004177093505859375, 0.00031495094299316406, 0.00042510032653808594, 0.00039887428283691406, 0.0003790855407714844, 0.00032258033752441406, 0.0003533363342285156, 0.00030875205993652344, 0.00034427642822265625, 0.00032901763916015625, 0.00038361549377441406, 0.0003764629364013672, 0.0003542900085449219, 0.0003337860107421875, 0.0003674030303955078, 0.0003790855407714844, 0.0003249645233154297, 0.0003294944763183594, 0.0003085136413574219, 0.0003495216369628906, 0.0003304481506347656, 0.0004563331604003906, 0.0003597736358642578, 0.0004265308380126953, 0.0003573894500732422, 0.0003445148468017578, 0.00033402442932128906, 0.0003464221954345703, 
0.0006024837493896484, 0.0006568431854248047, 0.0006308555603027344, 0.0006291866302490234, 0.0008056163787841797, 0.0007827281951904297, 0.0007851123809814453, 0.0007483959197998047, 0.0007417201995849609, 0.0007326602935791016, 0.0007450580596923828, 0.0006973743438720703, 0.000659942626953125, 0.0006091594696044922, 0.0006701946258544922, 0.0006785392761230469, 0.0007293224334716797, 0.0007274150848388672, 0.0006949901580810547, 0.0006818771362304688, 0.0007274150848388672, 0.0007288455963134766, 0.0007114410400390625, 0.0006387233734130859, 0.0006148815155029297, 0.0006847381591796875, 0.0006508827209472656, 0.0007493495941162109, 0.0006220340728759766, 0.0007827281951904297, 0.0006995201110839844, 0.0007398128509521484, 0.0006887912750244141, 0.0006997585296630859, 
0.0006184577941894531, 0.0006539821624755859, 0.0006167888641357422, 0.0005960464477539062, 0.0004024505615234375, 0.0003857612609863281, 0.0004048347473144531, 0.0003120899200439453, 0.00037860870361328125, 0.0004057884216308594, 0.00037550926208496094, 0.00032830238342285156, 0.0003559589385986328, 0.0003223419189453125, 0.00034117698669433594, 0.0003247261047363281, 0.0004336833953857422, 0.00037670135498046875, 0.00036144256591796875, 0.0003192424774169922, 0.0003752708435058594, 0.00036716461181640625, 0.0003185272216796875, 0.00032639503479003906, 0.00029540061950683594, 0.0004048347473144531, 0.0003306865692138672, 0.00045680999755859375, 0.0003204345703125, 0.0004029273986816406, 0.0004711151123046875, 0.00046443939208984375, 0.00046324729919433594, 0.0005033016204833984, 


0.001157522201538086, 0.0012624263763427734, 0.0011730194091796875, 0.0011966228485107422, 
0.00036716461181640625, 0.0003752708435058594, 0.0003521442413330078, 0.0003452301025390625, 
0.0005617141723632812, 0.0005590915679931641, 0.0005316734313964844, 0.0005021095275878906, 
0.0003619194030761719, 0.0003638267517089844, 0.00034737586975097656, 0.00032448768615722656, 
0.0005328655242919922, 0.0005412101745605469, 0.0005190372467041016, 0.0004885196685791016, 
0.0003495216369628906, 0.0003581047058105469, 0.0003402233123779297, 0.00032591819763183594, 
0.0005519390106201172, 0.000537872314453125, 0.0005145072937011719, 0.0004799365997314453, 
0.0005245208740234375, 0.0005483627319335938, 0.0005190372467041016, 0.0004940032958984375, 
0.0003826618194580078, 0.00035643577575683594, 0.0003376007080078125, 0.0003180503845214844, 
0.0006339550018310547, 0.0006487369537353516, 0.0006265640258789062, 0.0006012916564941406, 


0.0006434917449951172, 0.0007557868957519531, 0.0006201267242431641, 0.0006923675537109375, 
0.00045943260192871094, 0.0004911422729492188, 0.00041937828063964844, 0.0005679130554199219, 
0.00045418739318847656, 0.0004413127899169922, 0.00041794776916503906, 0.0004546642303466797, 
0.00045871734619140625, 0.0004897117614746094, 0.00040984153747558594, 0.00047397613525390625, 
0.0005266666412353516, 0.0005214214324951172, 0.0005142688751220703, 0.0005025863647460938, 
0.0005197525024414062, 0.000644683837890625, 0.0004940032958984375, 0.0004634857177734375, 
0.0008344650268554688, 0.0007994174957275391, 0.0007176399230957031, 0.000644683837890625, 
0.0005400180816650391, 0.0005190372467041016, 0.00046515464782714844, 0.0006334781646728516, 
0.0005552768707275391, 0.0005652904510498047, 0.000530242919921875, 0.0004944801330566406, 
0.0005519390106201172, 0.0005433559417724609, 0.0004899501800537109, 0.0005164146423339844, 


0.0013661384582519531, 0.0013446807861328125, 0.0013775825500488281, 0.001224517822265625, 0.05165553092956543, 0.001093149185180664, 0.0010187625885009766, 0.02474522590637207, 0.001470804214477539, 
0.0004382133483886719, 0.00044918060302734375, 0.00048422813415527344, 0.0004115104675292969, 0.0004169940948486328, 0.0004284381866455078, 0.0004706382751464844, 0.0004172325134277344, 0.0004372596740722656, 
0.0005130767822265625, 0.0004918575286865234, 0.0004515647888183594, 0.0004107952117919922, 0.0004105567932128906, 0.00036025047302246094, 0.0004856586456298828, 0.0003898143768310547, 0.0004169940948486328, 
0.0005116462707519531, 0.0004696846008300781, 0.0009832382202148438, 0.00042939186096191406, 0.0007777214050292969, 0.0006651878356933594, 0.0007352828979492188, 0.0006892681121826172, 0.000736236572265625, 
0.0005834102630615234, 0.0006215572357177734, 0.0005843639373779297, 0.0005574226379394531, 0.0006022453308105469, 0.00045180320739746094, 0.0005152225494384766, 0.0005064010620117188, 0.0004947185516357422, 
0.0010251998901367188, 0.0011038780212402344, 0.0010581016540527344, 0.0010030269622802734, 0.0007696151733398438, 0.0006933212280273438, 0.0007584095001220703, 0.0007114410400390625, 0.0007805824279785156, 
0.0005664825439453125, 0.0005688667297363281, 0.0005426406860351562, 0.0005273818969726562, 0.00043487548828125, 0.00039267539978027344, 0.0005090236663818359, 0.0004382133483886719, 0.0004582405090332031, 
0.0003902912139892578, 0.00040435791015625, 0.0003674030303955078, 0.0003552436828613281, 0.0004096031188964844, 0.00039839744567871094, 0.0004687309265136719, 0.00045752525329589844, 0.0004470348358154297, 
0.001041412353515625, 0.0010766983032226562, 0.0010657310485839844, 0.0010569095611572266, 0.0012297630310058594, 0.0010447502136230469, 0.0011663436889648438, 0.001043081283569336, 0.0010883808135986328, 
0.0003802776336669922, 0.0004134178161621094, 0.0005462169647216797, 0.0005283355712890625, 0.0008070468902587891, 0.0008549690246582031, 0.000732421875, 0.00072479248046875, 0.0007560253143310547, 


0.0013017654418945312, 0.0012700557708740234, 0.0012645721435546875, 0.001215219497680664, 
0.00057220458984375, 0.0005860328674316406, 0.0005667209625244141, 0.0005476474761962891, 
0.00037932395935058594, 0.0003886222839355469, 0.00035762786865234375, 0.0004711151123046875, 
0.00036406517028808594, 0.00037169456481933594, 0.0004792213439941406, 0.00045871734619140625, 
0.0003714561462402344, 0.0004062652587890625, 0.00037384033203125, 0.00033664703369140625, 
0.0003731250762939453, 0.0003991127014160156, 0.0003592967987060547, 0.00032782554626464844, 
0.0003597736358642578, 0.00037670135498046875, 0.00036406517028808594, 0.0003330707550048828, 
0.00040721893310546875, 0.00036716461181640625, 0.00036144256591796875, 0.00032806396484375, 
0.00041556358337402344, 0.0003790855407714844, 0.00035119056701660156, 0.00032711029052734375, 
0.0005993843078613281, 0.0005900859832763672, 0.0005724430084228516, 0.0005567073822021484, 


0.0004220008850097656, 0.00042891502380371094, 0.0005300045013427734, 0.00040221214294433594, 0.0014123916625976562, 0.017816781997680664, 0.009549856185913086, 0.001603841781616211, 0.013264179229736328, 0.00124359130859375, 0.0007674694061279297, 0.0003559589385986328, 0.017078399658203125, 0.0008728504180908203, 0.0010671615600585938, 0.021448135375976562, 0.0031287670135498047, 0.002795696258544922, 0.01884293556213379, 0.0009779930114746094, 0.03173351287841797, 0.015403270721435547, 0.0007834434509277344, 0.016781091690063477, 0.0006158351898193359, 0.0008594989776611328, 0.03504037857055664, 0.022441864013671875, 0.03206467628479004, 0.016240358352661133, 0.0015227794647216797, 0.04944038391113281, 0.000957489013671875, 0.021654844284057617, 0.01213979721069336, 0.0012395381927490234, 0.0004341602325439453, 0.012104988098144531, 0.018320083618164062, 
0.0003120899200439453, 0.0003368854522705078, 0.00032210350036621094, 0.00037670135498046875, 0.0006198883056640625, 0.0006139278411865234, 0.0005471706390380859, 0.0005025863647460938, 0.0006036758422851562, 0.0005004405975341797, 0.0006270408630371094, 0.00045013427734375, 0.0005326271057128906, 0.0006582736968994141, 0.0005221366882324219, 0.0005764961242675781, 0.0006039142608642578, 0.0005402565002441406, 0.0005908012390136719, 0.0006568431854248047, 0.0004062652587890625, 0.0005269050598144531, 0.0003974437713623047, 0.00047516822814941406, 0.0003757476806640625, 0.00033664703369140625, 0.00039887428283691406, 0.0004372596740722656, 0.0004127025604248047, 0.0009071826934814453, 0.0008859634399414062, 0.00079345703125, 0.0006685256958007812, 0.0006532669067382812, 0.0006775856018066406, 0.0006358623504638672, 0.0005474090576171875, 0.0005292892456054688, 0.0006687641143798828, 
0.0002930164337158203, 0.00032019615173339844, 0.00030684471130371094, 0.00029587745666503906, 0.0004210472106933594, 0.0004279613494873047, 0.0003921985626220703, 0.00037026405334472656, 0.0004131793975830078, 0.0003407001495361328, 0.0004010200500488281, 0.000335693359375, 0.00035691261291503906, 0.00043201446533203125, 0.00034546852111816406, 0.00039505958557128906, 0.00042176246643066406, 0.0003285408020019531, 0.00037169456481933594, 0.0004253387451171875, 0.00040030479431152344, 0.00045680999755859375, 0.00035881996154785156, 0.00040078163146972656, 0.0003142356872558594, 0.0003275871276855469, 0.0003762245178222656, 0.00039386749267578125, 0.0003974437713623047, 0.0005848407745361328, 0.0004973411560058594, 0.0005300045013427734, 0.0004680156707763672, 0.0004215240478515625, 0.0004646778106689453, 0.0004668235778808594, 0.0004336833953857422, 0.000438690185546875, 0.0004918575286865234, 
0.0002791881561279297, 0.00032067298889160156, 0.00029468536376953125, 0.0002810955047607422, 0.0003941059112548828, 0.00041794776916503906, 0.00036454200744628906, 0.0003380775451660156, 0.00037980079650878906, 0.00032639503479003906, 0.0004050731658935547, 0.0003104209899902344, 0.00033402442932128906, 0.0004317760467529297, 0.0003914833068847656, 0.0004189014434814453, 0.00040459632873535156, 0.00030732154846191406, 0.0003497600555419922, 0.0003821849822998047, 0.00039267539978027344, 0.00044798851013183594, 0.00034546852111816406, 0.000423431396484375, 0.0003364086151123047, 0.00030422210693359375, 0.0004432201385498047, 0.00038886070251464844, 0.00040459632873535156, 0.0006124973297119141, 0.0004799365997314453, 0.0005369186401367188, 0.0004928112030029297, 0.0004630088806152344, 0.00046253204345703125, 0.00047278404235839844, 0.0004019737243652344, 0.00037097930908203125, 0.0004830360412597656, 
0.00028634071350097656, 0.00031113624572753906, 0.0002918243408203125, 0.0002799034118652344, 0.0003886222839355469, 0.00039386749267578125, 0.0003955364227294922, 0.0003292560577392578, 0.0004191398620605469, 0.0003390312194824219, 0.00038361549377441406, 0.00028967857360839844, 0.0003647804260253906, 0.0004229545593261719, 0.0003287792205810547, 0.00036978721618652344, 0.00040459632873535156, 0.0003879070281982422, 0.0003528594970703125, 0.00044155120849609375, 0.00039839744567871094, 0.0004456043243408203, 0.00035572052001953125, 0.0003948211669921875, 0.0003387928009033203, 0.0003097057342529297, 0.0004112720489501953, 0.00038552284240722656, 0.00041866302490234375, 0.0005915164947509766, 0.0004870891571044922, 0.0005855560302734375, 0.0004520416259765625, 0.0004260540008544922, 0.00048470497131347656, 0.0004658699035644531, 0.00039768218994140625, 0.0003802776336669922, 0.0004839897155761719, 
0.00028395652770996094, 0.0003211498260498047, 0.00043964385986328125, 0.00043654441833496094, 0.0007557868957519531, 0.0007843971252441406, 0.0007534027099609375, 0.0007231235504150391, 0.0007338523864746094, 0.0006492137908935547, 0.0007264614105224609, 0.0005853176116943359, 0.0006926059722900391, 0.0008263587951660156, 0.0006995201110839844, 0.0008363723754882812, 0.0007476806640625, 0.0006420612335205078, 0.0007386207580566406, 0.0007610321044921875, 0.0007538795471191406, 0.0008418560028076172, 0.0006501674652099609, 0.0007507801055908203, 0.0007066726684570312, 0.0006594657897949219, 0.0007228851318359375, 0.0007429122924804688, 0.0007650852203369141, 0.0007636547088623047, 0.0006871223449707031, 0.0008459091186523438, 0.0006885528564453125, 0.0006911754608154297, 0.0007681846618652344, 0.0007545948028564453, 0.0006587505340576172, 0.00069427490234375, 0.0008656978607177734, 
0.0005080699920654297, 0.0004868507385253906, 0.00044155120849609375, 0.0004241466522216797, 0.00039005279541015625, 0.0003941059112548828, 0.0003986358642578125, 0.0003376007080078125, 0.00038909912109375, 0.0003108978271484375, 0.0004341602325439453, 0.00035762786865234375, 0.00034236907958984375, 0.0005574226379394531, 0.0004138946533203125, 0.0004203319549560547, 0.00040268898010253906, 0.00034356117248535156, 0.00036597251892089844, 0.0004150867462158203, 0.000392913818359375, 0.0004494190216064453, 0.0003159046173095703, 0.0003943443298339844, 0.0003714561462402344, 0.0003104209899902344, 0.00043320655822753906, 0.0003986358642578125, 0.0004024505615234375, 0.0005953311920166016, 0.0004780292510986328, 0.0008111000061035156, 0.0006866455078125, 0.0004565715789794922, 0.0004763603210449219, 0.0004553794860839844, 0.0003848075866699219, 0.0003685951232910156, 0.0004839897155761719, 
0.00028705596923828125, 0.0003151893615722656, 0.00028777122497558594, 0.00027632713317871094, 0.0003914833068847656, 0.00039768218994140625, 0.0003685951232910156, 0.00032448768615722656, 0.0004031658172607422, 0.00031113624572753906, 0.00042057037353515625, 0.00029349327087402344, 0.0003476142883300781, 0.0004603862762451172, 0.00035262107849121094, 0.00040984153747558594, 0.0004100799560546875, 0.0003781318664550781, 0.00037980079650878906, 0.0004191398620605469, 0.0003955364227294922, 0.00045037269592285156, 0.0003247261047363281, 0.0003910064697265625, 0.00035834312438964844, 0.0003063678741455078, 0.0004489421844482422, 0.0003867149353027344, 0.0003962516784667969, 0.0005803108215332031, 0.0005393028259277344, 0.0005414485931396484, 0.0004754066467285156, 0.00043320655822753906, 0.0004856586456298828, 0.0004892349243164062, 0.0004177093505859375, 0.00038433074951171875, 0.0004930496215820312, 
0.0002887248992919922, 0.0003094673156738281, 0.0002987384796142578, 0.00027632713317871094, 0.0007188320159912109, 0.0007920265197753906, 0.0007557868957519531, 0.0007462501525878906, 0.0007808208465576172, 0.0006604194641113281, 0.0008907318115234375, 0.0007245540618896484, 0.0006732940673828125, 0.0008139610290527344, 0.0007109642028808594, 0.0007989406585693359, 0.0007317066192626953, 0.0006623268127441406, 0.0007026195526123047, 0.0007221698760986328, 0.0007517337799072266, 0.0008597373962402344, 0.0006265640258789062, 0.0007562637329101562, 0.0006361007690429688, 0.0006279945373535156, 0.0007352828979492188, 0.0008549690246582031, 0.0007677078247070312, 0.0008103847503662109, 0.0006635189056396484, 0.0007696151733398438, 0.0006442070007324219, 0.0006248950958251953, 0.0007288455963134766, 0.0006976127624511719, 0.0006048679351806641, 0.0006098747253417969, 0.0008449554443359375, 
0.00028204917907714844, 0.0003113746643066406, 0.0002892017364501953, 0.00027680397033691406, 0.0004169940948486328, 0.00042510032653808594, 0.00037217140197753906, 0.00034117698669433594, 0.00037550926208496094, 0.0003209114074707031, 0.0003933906555175781, 0.00029397010803222656, 0.0003879070281982422, 0.0004150867462158203, 0.0003273487091064453, 0.0003886222839355469, 0.0003757476806640625, 0.00031828880310058594, 0.00036334991455078125, 0.0004296302795410156, 0.0003962516784667969, 0.0004525184631347656, 0.0003085136413574219, 0.00038909912109375, 0.0003287792205810547, 0.0002994537353515625, 0.0004143714904785156, 0.0004146099090576172, 0.0004379749298095703, 0.0007998943328857422, 0.0007774829864501953, 0.0007631778717041016, 0.0006744861602783203, 0.0005939006805419922, 0.0004801750183105469, 0.00040411949157714844, 0.0003685951232910156, 0.0003294944763183594, 0.0004734992980957031, 


0.0012874603271484375, 0.0013184547424316406, 0.0012357234954833984, 0.001451730728149414, 0.0024552345275878906, 
0.0002949237823486328, 0.0003228187561035156, 0.0003001689910888672, 0.00035309791564941406, 0.0004112720489501953, 
0.0003304481506347656, 0.0003666877746582031, 0.00032401084899902344, 0.0003135204315185547, 0.0004444122314453125, 
0.0005884170532226562, 0.0005922317504882812, 0.0005545616149902344, 0.0005512237548828125, 0.0004303455352783203, 
0.00038623809814453125, 0.00038313865661621094, 0.00036525726318359375, 0.0003490447998046875, 0.0004172325134277344, 
0.0003635883331298828, 0.0003802776336669922, 0.0004069805145263672, 0.00033926963806152344, 0.0004284381866455078, 
0.0005738735198974609, 0.0006022453308105469, 0.0005578994750976562, 0.0005385875701904297, 0.00045871734619140625, 
0.00036144256591796875, 0.000396728515625, 0.0003523826599121094, 0.0003864765167236328, 0.0004241466522216797, 
0.0003552436828613281, 0.00037360191345214844, 0.0003476142883300781, 0.00035500526428222656, 0.00041937828063964844, 
0.0005741119384765625, 0.0005786418914794922, 0.0005536079406738281, 0.0005359649658203125, 0.0004189014434814453, 


0.0008826255798339844, 0.0009148120880126953, 0.0009355545043945312, 0.0008039474487304688, 0.0013163089752197266, 0.003676891326904297, 0.0008318424224853516, 0.0007193088531494141, 0.0005729198455810547, 0.0005044937133789062, 0.0011909008026123047, 0.0005948543548583984, 0.0005743503570556641, 0.0004088878631591797, 0.0004742145538330078, 0.0004773139953613281, 0.00045800209045410156, 0.003756999969482422, 0.020728349685668945, 0.0006070137023925781, 0.0011441707611083984, 
0.0003046989440917969, 0.00032210350036621094, 0.0003445148468017578, 0.0002906322479248047, 0.000919342041015625, 0.00045037269592285156, 0.00043320655822753906, 0.0003826618194580078, 0.0003879070281982422, 0.0003476142883300781, 0.00039505958557128906, 0.0003960132598876953, 0.000385284423828125, 0.00032138824462890625, 0.0003211498260498047, 0.00032806396484375, 0.0004012584686279297, 0.00045180320739746094, 0.0004749298095703125, 0.00038313865661621094, 0.0003292560577392578, 
0.0003082752227783203, 0.0003192424774169922, 0.0003006458282470703, 0.00028896331787109375, 0.0006723403930664062, 0.0004551410675048828, 0.0004303455352783203, 0.00033926963806152344, 0.0003352165222167969, 0.0003628730773925781, 0.00033593177795410156, 0.0003876686096191406, 0.0003712177276611328, 0.0003018379211425781, 0.0002968311309814453, 0.00035834312438964844, 0.0003986358642578125, 0.0004520416259765625, 0.0007126331329345703, 0.0005452632904052734, 0.0004444122314453125, 
0.00035500526428222656, 0.0003266334533691406, 0.0002982616424560547, 0.00029206275939941406, 0.0012111663818359375, 0.0007371902465820312, 0.0012221336364746094, 0.0009911060333251953, 0.0009865760803222656, 0.0010182857513427734, 0.0009918212890625, 0.0009882450103759766, 0.001062631607055664, 0.0009927749633789062, 0.0009849071502685547, 0.0010294914245605469, 0.0007140636444091797, 0.0008273124694824219, 0.0008747577667236328, 0.0007543563842773438, 0.0006935596466064453, 
0.0003249645233154297, 0.0003437995910644531, 0.00033545494079589844, 0.0003116130828857422, 0.0008141994476318359, 0.0004405975341796875, 0.00042057037353515625, 0.0003292560577392578, 0.0003495216369628906, 0.0003693103790283203, 0.00035309791564941406, 0.00036978721618652344, 0.0006639957427978516, 0.0006344318389892578, 0.0006258487701416016, 0.0006475448608398438, 0.0006897449493408203, 0.0008630752563476562, 0.0008482933044433594, 0.0007178783416748047, 0.0006773471832275391, 
0.00046443939208984375, 0.00047969818115234375, 0.0004413127899169922, 0.0004277229309082031, 0.001168966293334961, 0.0007796287536621094, 0.0007345676422119141, 0.0006823539733886719, 0.00067138671875, 0.0007631778717041016, 0.0006613731384277344, 0.0007007122039794922, 0.0006496906280517578, 0.0005865097045898438, 0.0005819797515869141, 0.0006270408630371094, 0.0006923675537109375, 0.0008137226104736328, 0.0008504390716552734, 0.0007159709930419922, 0.0007007122039794922, 
0.0003769397735595703, 0.000339508056640625, 0.0003161430358886719, 0.0002894401550292969, 0.0009176731109619141, 0.00063323974609375, 0.0006122589111328125, 0.0004622936248779297, 0.0005009174346923828, 0.0005037784576416016, 0.00046753883361816406, 0.00048470497131347656, 0.00034046173095703125, 0.0004258155822753906, 0.00028443336486816406, 0.0003066062927246094, 0.0007143020629882812, 0.0008080005645751953, 0.0008473396301269531, 0.0007772445678710938, 0.0006852149963378906, 
0.0003037452697753906, 0.0003254413604736328, 0.0003437995910644531, 0.0002903938293457031, 0.0008597373962402344, 0.0011892318725585938, 0.0007464885711669922, 0.0008082389831542969, 0.0007185935974121094, 0.0007331371307373047, 0.0006976127624511719, 0.0007195472717285156, 0.0007576942443847656, 0.0005888938903808594, 0.0005931854248046875, 0.0006222724914550781, 0.0007369518280029297, 0.0008008480072021484, 0.0008428096771240234, 0.000766754150390625, 0.0006830692291259766, 
0.0005133152008056641, 0.0005254745483398438, 0.0004951953887939453, 0.00047016143798828125, 0.0006642341613769531, 0.0006666183471679688, 0.0006258487701416016, 0.00048041343688964844, 0.0005133152008056641, 0.0004975795745849609, 0.0004715919494628906, 0.0004973411560058594, 0.0005233287811279297, 0.0004417896270751953, 0.0004436969757080078, 0.00044846534729003906, 0.0005631446838378906, 0.0004315376281738281, 0.0004563331604003906, 0.00037097930908203125, 0.0003464221954345703, 
0.00030922889709472656, 0.0003216266632080078, 0.0002970695495605469, 0.0002846717834472656, 0.0008585453033447266, 0.0006692409515380859, 0.0007014274597167969, 0.00042438507080078125, 0.0005316734313964844, 0.0005147457122802734, 0.000507354736328125, 0.0004975795745849609, 0.0003504753112792969, 0.00028204917907714844, 0.0002837181091308594, 0.0003101825714111328, 0.0003936290740966797, 0.0004534721374511719, 0.0004687309265136719, 0.00037217140197753906, 0.0003380775451660156, 


0.0007483959197998047, 0.0008406639099121094, 0.0008144378662109375, 0.0007812976837158203, 0.0004031658172607422, 0.00092315673828125, 0.000530242919921875, 0.03904557228088379, 0.023465871810913086, 0.0009307861328125, 0.01614832878112793, 0.0009455680847167969, 0.0004506111145019531, 0.03658175468444824, 0.0004055500030517578, 0.0009419918060302734, 0.0007383823394775391, 0.02296924591064453, 0.0043451786041259766, 0.0008509159088134766, 0.0009043216705322266, 0.020679950714111328, 0.0011816024780273438, 0.0016968250274658203, 0.0007817745208740234, 
0.0003135204315185547, 0.00033545494079589844, 0.00030231475830078125, 0.0002968311309814453, 0.00043082237243652344, 0.00038695335388183594, 0.0003571510314941406, 0.0004639625549316406, 0.00040459632873535156, 0.00032782554626464844, 0.00038433074951171875, 0.0003764629364013672, 0.00038242340087890625, 0.00040340423583984375, 0.0003521442413330078, 0.0004756450653076172, 0.0003428459167480469, 0.0004036426544189453, 0.000400543212890625, 0.0004134178161621094, 0.0003402233123779297, 0.0003910064697265625, 0.00043773651123046875, 0.0004401206970214844, 0.0005047321319580078, 
0.0005903244018554688, 0.0008656978607177734, 0.0006477832794189453, 0.0006134510040283203, 0.0004177093505859375, 0.0005819797515869141, 0.00039505958557128906, 0.0004608631134033203, 0.0004467964172363281, 0.0003986358642578125, 0.0003941059112548828, 0.0004210472106933594, 0.00038123130798339844, 0.0004303455352783203, 0.00035452842712402344, 0.00047087669372558594, 0.0003364086151123047, 0.0003986358642578125, 0.00040841102600097656, 0.0004162788391113281, 0.0003788471221923828, 0.0004343986511230469, 0.00042557716369628906, 0.00042891502380371094, 0.00045800209045410156, 
0.0006060600280761719, 0.0006568431854248047, 0.0006358623504638672, 0.00060272216796875, 0.0004227161407470703, 0.00038313865661621094, 0.00038933753967285156, 0.0004813671112060547, 0.00041222572326660156, 0.0003991127014160156, 0.00037932395935058594, 0.0005023479461669922, 0.00044536590576171875, 0.0004496574401855469, 0.0003685951232910156, 0.0004184246063232422, 0.0003592967987060547, 0.0004086494445800781, 0.00040435791015625, 0.00040411949157714844, 0.00035858154296875, 0.0003943443298339844, 0.0004353523254394531, 0.00043010711669921875, 0.0004169940948486328, 
0.0006198883056640625, 0.0006885528564453125, 0.0006272792816162109, 0.0006060600280761719, 0.0004124641418457031, 0.00041937828063964844, 0.00035881996154785156, 0.0005204677581787109, 0.0003867149353027344, 0.0003235340118408203, 0.00038695335388183594, 0.00037479400634765625, 0.00042819976806640625, 0.00041174888610839844, 0.00036454200744628906, 0.0004749298095703125, 0.0003337860107421875, 0.00044274330139160156, 0.0004169940948486328, 0.00040984153747558594, 0.0003924369812011719, 0.0004036426544189453, 0.00046944618225097656, 0.00044536590576171875, 0.0005548000335693359, 
0.0003006458282470703, 0.00032329559326171875, 0.0003199577331542969, 0.0002899169921875, 0.0006227493286132812, 0.0005354881286621094, 0.0007128715515136719, 0.0006513595581054688, 0.0005958080291748047, 0.0004527568817138672, 0.0005819797515869141, 0.0005242824554443359, 0.00042247772216796875, 0.00043392181396484375, 0.00036144256591796875, 0.0004172325134277344, 0.00036263465881347656, 0.00037789344787597656, 0.0004489421844482422, 0.00047135353088378906, 0.0003795623779296875, 0.00041747093200683594, 0.0004086494445800781, 0.0004029273986816406, 0.0004317760467529297, 
0.0006060600280761719, 0.0006923675537109375, 0.0006325244903564453, 0.000797271728515625, 0.0007541179656982422, 0.00046634674072265625, 0.0003807544708251953, 0.0004923343658447266, 0.0004000663757324219, 0.0004870891571044922, 0.00039124488830566406, 0.0003819465637207031, 0.0004687309265136719, 0.0004878044128417969, 0.0003800392150878906, 0.0004162788391113281, 0.0003440380096435547, 0.0004069805145263672, 0.0004551410675048828, 0.0004134178161621094, 0.0003552436828613281, 0.00040340423583984375, 0.0004074573516845703, 0.0004184246063232422, 0.000438690185546875, 
0.0006031990051269531, 0.0006732940673828125, 0.0006191730499267578, 0.0006284713745117188, 0.00043320655822753906, 0.0003979206085205078, 0.00036025047302246094, 0.0004987716674804688, 0.0004189014434814453, 0.00034499168395996094, 0.0003886222839355469, 0.0003833770751953125, 0.0004730224609375, 0.0004153251647949219, 0.0003654956817626953, 0.0004837512969970703, 0.0003399848937988281, 0.0004100799560546875, 0.0004153251647949219, 0.0004904270172119141, 0.0003762245178222656, 0.00040340423583984375, 0.0004112720489501953, 0.0004208087921142578, 0.00042176246643066406, 
0.0005991458892822266, 0.0008039474487304688, 0.0006289482116699219, 0.0006058216094970703, 0.0007102489471435547, 0.0007774829864501953, 0.0007770061492919922, 0.0008161067962646484, 0.0005047321319580078, 0.00046944618225097656, 0.0004956722259521484, 0.0003809928894042969, 0.0004279613494873047, 0.00047135353088378906, 0.0003643035888671875, 0.0004200935363769531, 0.0003838539123535156, 0.00047135353088378906, 0.0004799365997314453, 0.00047516822814941406, 0.0003895759582519531, 0.0004322528839111328, 0.0004105567932128906, 0.0004374980926513672, 0.00048232078552246094, 
0.001004934310913086, 0.0010898113250732422, 0.0010135173797607422, 0.0010066032409667969, 0.0004146099090576172, 0.00038695335388183594, 0.00037169456481933594, 0.0005087852478027344, 0.0004076957702636719, 0.0003345012664794922, 0.00039267539978027344, 0.0003848075866699219, 0.00039696693420410156, 0.00041031837463378906, 0.0003666877746582031, 0.0004191398620605469, 0.0003447532653808594, 0.00040841102600097656, 0.00041484832763671875, 0.0004189014434814453, 0.00036454200744628906, 0.0004048347473144531, 0.0004162788391113281, 0.00040149688720703125, 0.0004305839538574219, 


0.0011909008026123047, 0.001032114028930664, 0.002930879592895508, 0.0007534027099609375, 0.0008006095886230469, 0.0006754398345947266, 0.0008466243743896484, 0.01886916160583496, 0.0013806819915771484, 0.0048220157623291016, 0.0015993118286132812, 0.0009713172912597656, 0.01309657096862793, 0.018601179122924805, 0.04143881797790527, 0.01989603042602539, 0.009487628936767578, 0.03230118751525879, 0.013972759246826172, 0.020175457000732422, 0.019072532653808594, 0.0010919570922851562, 0.00040650367736816406, 0.0006761550903320312, 0.011404991149902344, 0.01520681381225586, 0.021901369094848633, 0.01208806037902832, 0.0013103485107421875, 0.0007801055908203125, 0.0005326271057128906, 0.001272439956665039, 0.017414331436157227, 0.01659989356994629, 0.0012881755828857422, 0.0008933544158935547, 0.011865854263305664, 0.015547037124633789, 0.0025942325592041016, 0.0015940666198730469, 0.003637552261352539, 0.0015480518341064453, 0.0014493465423583984, 0.0013394355773925781, 0.0008852481842041016, 0.0009071826934814453, 0.0006928443908691406, 0.0005018711090087891, 0.001237630844116211, 0.0006072521209716797, 0.0007765293121337891, 
0.0006246566772460938, 0.0006561279296875, 0.00061798095703125, 0.0006070137023925781, 0.0008029937744140625, 0.0007555484771728516, 0.0007741451263427734, 0.0007395744323730469, 0.0007855892181396484, 0.0008716583251953125, 0.0008106231689453125, 0.0007684230804443359, 0.0007078647613525391, 0.0008490085601806641, 0.0008502006530761719, 0.0008029937744140625, 0.00070953369140625, 0.0008308887481689453, 0.0009353160858154297, 0.0010874271392822266, 0.0007135868072509766, 0.0007522106170654297, 0.0006425380706787109, 0.0007245540618896484, 0.0008466243743896484, 0.0009372234344482422, 0.0007348060607910156, 0.0007030963897705078, 0.0006721019744873047, 0.0006563663482666016, 0.0006582736968994141, 0.0006651878356933594, 0.0008540153503417969, 0.0007650852203369141, 0.0007524490356445312, 0.0007557868957519531, 0.0007035732269287109, 0.0007016658782958984, 0.0008041858673095703, 0.0007767677307128906, 0.0007946491241455078, 0.0006585121154785156, 0.0006542205810546875, 0.0007326602935791016, 0.0006999969482421875, 0.0006587505340576172, 0.0008451938629150391, 0.0007593631744384766, 0.0006933212280273438, 0.0008378028869628906, 0.0007581710815429688, 
0.0003848075866699219, 0.0005083084106445312, 0.0004601478576660156, 0.0003204345703125, 0.000789642333984375, 0.0006535053253173828, 0.0007903575897216797, 0.0007715225219726562, 0.0007393360137939453, 0.0006730556488037109, 0.0006914138793945312, 0.0009121894836425781, 0.0007979869842529297, 0.0008156299591064453, 0.0009815692901611328, 0.0008535385131835938, 0.0007598400115966797, 0.0007419586181640625, 0.0008437633514404297, 0.0007231235504150391, 0.0007524490356445312, 0.0007200241088867188, 0.0006778240203857422, 0.0006911754608154297, 0.0007605552673339844, 0.0008726119995117188, 0.0007588863372802734, 0.0007221698760986328, 0.0006556510925292969, 0.0006802082061767578, 0.0007662773132324219, 0.0006661415100097656, 0.0007624626159667969, 0.0008015632629394531, 0.0007658004760742188, 0.0006740093231201172, 0.0007770061492919922, 0.0007374286651611328, 0.0008034706115722656, 0.0008459091186523438, 0.0007944107055664062, 0.000762939453125, 0.0007345676422119141, 0.0007178783416748047, 0.0007154941558837891, 0.0007014274597167969, 0.0006515979766845703, 0.0006937980651855469, 0.0006475448608398438, 0.0007960796356201172, 0.0007288455963134766, 
0.0006277561187744141, 0.0006606578826904297, 0.0006237030029296875, 0.0006096363067626953, 0.0012030601501464844, 0.0009386539459228516, 0.0011627674102783203, 0.0008602142333984375, 0.0007004737854003906, 0.0006802082061767578, 0.0006642341613769531, 0.0007586479187011719, 0.0008530616760253906, 0.0008385181427001953, 0.0008449554443359375, 0.0012111663818359375, 0.0008463859558105469, 0.0009560585021972656, 0.0008490085601806641, 0.0007376670837402344, 0.0007407665252685547, 0.0007555484771728516, 0.0007853507995605469, 0.0007228851318359375, 0.0007524490356445312, 0.0009551048278808594, 0.0009555816650390625, 0.0007288455963134766, 0.00070953369140625, 0.0006825923919677734, 0.0007236003875732422, 0.0006451606750488281, 0.0008018016815185547, 0.0007483959197998047, 0.0007777214050292969, 0.0006847381591796875, 0.0006949901580810547, 0.0007181167602539062, 0.0007479190826416016, 0.0007538795471191406, 0.0007433891296386719, 0.0006701946258544922, 0.0008091926574707031, 0.0006947517395019531, 0.0006914138793945312, 0.0006451606750488281, 0.0006659030914306641, 0.0007042884826660156, 0.0006384849548339844, 0.0007762908935546875, 0.0007395744323730469, 
0.0006883144378662109, 0.0006875991821289062, 0.0006492137908935547, 0.0006420612335205078, 0.000804901123046875, 0.0006392002105712891, 0.0007531642913818359, 0.0007829666137695312, 0.0006990432739257812, 0.0007002353668212891, 0.0006601810455322266, 0.0007495880126953125, 0.000675201416015625, 0.0008194446563720703, 0.0009140968322753906, 0.0008144378662109375, 0.0006968975067138672, 0.0007314682006835938, 0.0008766651153564453, 0.0007138252258300781, 0.0007266998291015625, 0.0008199214935302734, 0.0006537437438964844, 0.0006506443023681641, 0.0007176399230957031, 0.0008683204650878906, 0.0007386207580566406, 0.0008006095886230469, 0.0006539821624755859, 0.0006372928619384766, 0.0006949901580810547, 0.0006823539733886719, 0.0007612705230712891, 0.0007061958312988281, 0.0008170604705810547, 0.0006697177886962891, 0.0007388591766357422, 0.0006730556488037109, 0.0007467269897460938, 0.0007786750793457031, 0.0007901191711425781, 0.0007777214050292969, 0.0006737709045410156, 0.0006198883056640625, 0.0006577968597412109, 0.0006520748138427734, 0.0006711483001708984, 0.0006890296936035156, 0.0007557868957519531, 0.0007655620574951172, 0.0007317066192626953, 
0.0006449222564697266, 0.0006575584411621094, 0.0006146430969238281, 0.0006101131439208984, 0.0007755756378173828, 0.0006208419799804688, 0.0007808208465576172, 0.0007364749908447266, 0.0007207393646240234, 0.0006835460662841797, 0.0006682872772216797, 0.0007481575012207031, 0.0006804466247558594, 0.0007908344268798828, 0.0008306503295898438, 0.0008428096771240234, 0.0007162094116210938, 0.0007402896881103516, 0.0007476806640625, 0.0007576942443847656, 0.0007314682006835938, 0.0007853507995605469, 0.00067138671875, 0.0006864070892333984, 0.0007715225219726562, 0.0008494853973388672, 0.0007753372192382812, 0.0007116794586181641, 0.0006501674652099609, 0.0006439685821533203, 0.0007271766662597656, 0.0007364749908447266, 0.0009503364562988281, 0.0008306503295898438, 0.0007343292236328125, 0.0006959438323974609, 0.0007092952728271484, 0.0006947517395019531, 0.0007619857788085938, 0.0007305145263671875, 0.0007622241973876953, 0.0006732940673828125, 0.0006232261657714844, 0.0006215572357177734, 0.0006909370422363281, 0.0006339550018310547, 0.0006570816040039062, 0.0006425380706787109, 0.000640869140625, 0.0008084774017333984, 0.0007262229919433594, 
0.0006091594696044922, 0.0006506443023681641, 0.0006148815155029297, 0.0005960464477539062, 0.0007865428924560547, 0.0006353855133056641, 0.0007569789886474609, 0.0007379055023193359, 0.0007202625274658203, 0.00066375732421875, 0.0006597042083740234, 0.0007679462432861328, 0.0007927417755126953, 0.0008175373077392578, 0.0008459091186523438, 0.0007970333099365234, 0.0006844997406005859, 0.0007116794586181641, 0.0007987022399902344, 0.00072479248046875, 0.0007159709930419922, 0.0007193088531494141, 0.0006754398345947266, 0.0006740093231201172, 0.0007596015930175781, 0.0008401870727539062, 0.0007536411285400391, 0.0006921291351318359, 0.0006728172302246094, 0.0006434917449951172, 0.0006711483001708984, 0.0006427764892578125, 0.0007519721984863281, 0.0006947517395019531, 0.0010225772857666016, 0.0009303092956542969, 0.0006952285766601562, 0.0006830692291259766, 0.0010638236999511719, 0.0008742809295654297, 0.0007257461547851562, 0.0006716251373291016, 0.0007071495056152344, 0.0006475448608398438, 0.0007236003875732422, 0.0006396770477294922, 0.0006680488586425781, 0.0007357597351074219, 0.0006687641143798828, 0.0007801055908203125, 0.0007238388061523438, 
0.0006103515625, 0.0006542205810546875, 0.0006172657012939453, 0.0006015300750732422, 0.0007812976837158203, 0.0007281303405761719, 0.0010867118835449219, 0.0007476806640625, 0.0006964206695556641, 0.0010342597961425781, 0.0009856224060058594, 0.0007567405700683594, 0.0006997585296630859, 0.0008313655853271484, 0.0008649826049804688, 0.0007958412170410156, 0.0006856918334960938, 0.0007538795471191406, 0.0007891654968261719, 0.0007336139678955078, 0.0007317066192626953, 0.0007386207580566406, 0.0006382465362548828, 0.0007245540618896484, 0.0007748603820800781, 0.0009043216705322266, 0.0007302761077880859, 0.0007421970367431641, 0.00067901611328125, 0.0006418228149414062, 0.0007157325744628906, 0.0006725788116455078, 0.0008580684661865234, 0.0007026195526123047, 0.0007617473602294922, 0.0006856918334960938, 0.0007526874542236328, 0.0006587505340576172, 0.000782012939453125, 0.000732421875, 0.0007569789886474609, 0.0007381439208984375, 0.0006849765777587891, 0.0006339550018310547, 0.0006575584411621094, 0.0007207393646240234, 0.0006656646728515625, 0.0006818771362304688, 0.0006480216979980469, 0.0007870197296142578, 0.0008349418640136719, 
0.0006105899810791016, 0.0007269382476806641, 0.0006368160247802734, 0.0006189346313476562, 0.0008184909820556641, 0.000728607177734375, 0.0007684230804443359, 0.0007898807525634766, 0.0007998943328857422, 0.0006744861602783203, 0.0007214546203613281, 0.0007541179656982422, 0.0007538795471191406, 0.0008616447448730469, 0.0008490085601806641, 0.0008139610290527344, 0.0007040500640869141, 0.0007610321044921875, 0.0011072158813476562, 0.0007765293121337891, 0.0007393360137939453, 0.0007395744323730469, 0.0006833076477050781, 0.0006830692291259766, 0.0007233619689941406, 0.0009341239929199219, 0.0008542537689208984, 0.0009028911590576172, 0.0007224082946777344, 0.0007135868072509766, 0.0007963180541992188, 0.0007653236389160156, 0.0008282661437988281, 0.0007939338684082031, 0.0008068084716796875, 0.0007193088531494141, 0.0008134841918945312, 0.0006916522979736328, 0.0007708072662353516, 0.0007946491241455078, 0.0007603168487548828, 0.0007238388061523438, 0.0007524490356445312, 0.0006513595581054688, 0.0008990764617919922, 0.0006403923034667969, 0.0007033348083496094, 0.0006933212280273438, 0.0007200241088867188, 0.0007948875427246094, 0.0007259845733642578, 
0.0006120204925537109, 0.0006902217864990234, 0.0006422996520996094, 0.0006222724914550781, 0.00042557716369628906, 0.0003802776336669922, 0.00041866302490234375, 0.0005199909210205078, 0.0005030632019042969, 0.000396728515625, 0.00037026405334472656, 0.00041222572326660156, 0.00040149688720703125, 0.0004448890686035156, 0.00043010711669921875, 0.00041222572326660156, 0.00035834312438964844, 0.0003914833068847656, 0.00038242340087890625, 0.0003795623779296875, 0.00038695335388183594, 0.0004143714904785156, 0.00033092498779296875, 0.0003445148468017578, 0.0004208087921142578, 0.0004894733428955078, 0.0004923343658447266, 0.0004069805145263672, 0.00033926963806152344, 0.00036525726318359375, 0.000347137451171875, 0.0003490447998046875, 0.0004818439483642578, 0.000385284423828125, 0.000408172607421875, 0.0003790855407714844, 0.0003573894500732422, 0.0003795623779296875, 0.00040149688720703125, 0.00037670135498046875, 0.00039315223693847656, 0.0003540515899658203, 0.00030803680419921875, 0.0003170967102050781, 0.0003654956817626953, 0.0003058910369873047, 0.0003268718719482422, 0.0003731250762939453, 0.00032448768615722656, 0.0004477500915527344, 0.00038051605224609375, 


0.0009827613830566406, 0.000957489013671875, 0.001039743423461914, 0.0009095668792724609, 0.0004684925079345703, 0.0005593299865722656, 0.0006086826324462891, 0.00037384033203125, 0.0007374286651611328, 0.0010204315185546875, 0.0005104541778564453, 0.01316213607788086, 0.00040841102600097656, 0.0005843639373779297, 0.0007407665252685547, 0.0006976127624511719, 0.0009953975677490234, 0.0012311935424804688, 0.0187680721282959, 0.003968715667724609, 0.0030965805053710938, 0.0013322830200195312, 0.0031239986419677734, 0.0017991065979003906, 0.0009813308715820312, 
0.000621795654296875, 0.0006673336029052734, 0.0006380081176757812, 0.0006268024444580078, 0.0004994869232177734, 0.0003991127014160156, 0.0003437995910644531, 0.0003445148468017578, 0.0004761219024658203, 0.0003612041473388672, 0.0003657341003417969, 0.0003821849822998047, 0.0003638267517089844, 0.0004520416259765625, 0.00040435791015625, 0.0003955364227294922, 0.0004940032958984375, 0.00035572052001953125, 0.0004341602325439453, 0.0003457069396972656, 0.00032329559326171875, 0.00030875205993652344, 0.00033020973205566406, 0.0003018379211425781, 0.00043511390686035156, 
0.0006530284881591797, 0.0006773471832275391, 0.0006282329559326172, 0.0006473064422607422, 0.0006213188171386719, 0.0004544258117675781, 0.0005052089691162109, 0.0005350112915039062, 0.0004801750183105469, 0.0003712177276611328, 0.000408172607421875, 0.00042891502380371094, 0.00042128562927246094, 0.0004596710205078125, 0.0003941059112548828, 0.00038909912109375, 0.0004448890686035156, 0.00036072731018066406, 0.0004315376281738281, 0.00036144256591796875, 0.00035071372985839844, 0.00030803680419921875, 0.0003333091735839844, 0.0002956390380859375, 0.0006289482116699219, 
0.0006153583526611328, 0.0006639957427978516, 0.000621795654296875, 0.0006086826324462891, 0.0004906654357910156, 0.0003387928009033203, 0.0003421306610107422, 0.0003504753112792969, 0.0004937648773193359, 0.0003540515899658203, 0.0003902912139892578, 0.0004482269287109375, 0.000370025634765625, 0.00043892860412597656, 0.0003864765167236328, 0.00041747093200683594, 0.0004329681396484375, 0.00035452842712402344, 0.0004324913024902344, 0.00034689903259277344, 0.0003299713134765625, 0.0003285408020019531, 0.0003361701965332031, 0.0002980232238769531, 0.00042700767517089844, 
0.0006210803985595703, 0.0006914138793945312, 0.0006487369537353516, 0.0006186962127685547, 0.000469207763671875, 0.0003800392150878906, 0.0003333091735839844, 0.00035452842712402344, 0.0004425048828125, 0.0003502368927001953, 0.00041985511779785156, 0.0004703998565673828, 0.00035881996154785156, 0.00044035911560058594, 0.000400543212890625, 0.00038886070251464844, 0.0004241466522216797, 0.00036907196044921875, 0.0004181861877441406, 0.0003380775451660156, 0.00032019615173339844, 0.0003058910369873047, 0.00033164024353027344, 0.0002846717834472656, 0.0004379749298095703, 
0.0006315708160400391, 0.0006575584411621094, 0.0006248950958251953, 0.0006110668182373047, 0.0007724761962890625, 0.0007386207580566406, 0.0007145404815673828, 0.0007138252258300781, 0.0008690357208251953, 0.0007946491241455078, 0.000713348388671875, 0.0007462501525878906, 0.0007014274597167969, 0.0007567405700683594, 0.0007460117340087891, 0.00040078163146972656, 0.00042819976806640625, 0.0003695487976074219, 0.0004086494445800781, 0.000392913818359375, 0.00033020973205566406, 0.0003094673156738281, 0.00033473968505859375, 0.0002868175506591797, 0.0004279613494873047, 
0.0006184577941894531, 0.0006659030914306641, 0.0006432533264160156, 0.0006120204925537109, 0.0004894733428955078, 0.00040221214294433594, 0.0006339550018310547, 0.00044226646423339844, 0.0004372596740722656, 0.0003561973571777344, 0.0003731250762939453, 0.00038552284240722656, 0.0003635883331298828, 0.000423431396484375, 0.0005290508270263672, 0.0004248619079589844, 0.00042629241943359375, 0.0003719329833984375, 0.0004036426544189453, 0.00037217140197753906, 0.000339508056640625, 0.0003082752227783203, 0.00033211708068847656, 0.0002930164337158203, 0.0004258155822753906, 
0.0006108283996582031, 0.0006601810455322266, 0.0006456375122070312, 0.0006086826324462891, 0.0004379749298095703, 0.0003447532653808594, 0.00033855438232421875, 0.0003330707550048828, 0.0004968643188476562, 0.0003497600555419922, 0.0003905296325683594, 0.0004208087921142578, 0.0003807544708251953, 0.0005533695220947266, 0.0003936290740966797, 0.000408172607421875, 0.0004291534423828125, 0.0003590583801269531, 0.0004115104675292969, 0.00036406517028808594, 0.00032448768615722656, 0.00031304359436035156, 0.00033354759216308594, 0.0002913475036621094, 0.00043892860412597656, 
0.0010368824005126953, 0.0010211467742919922, 0.0009274482727050781, 0.0009160041809082031, 0.00045680999755859375, 0.00033545494079589844, 0.00033664703369140625, 0.0003654956817626953, 0.0005052089691162109, 0.00035119056701660156, 0.0003674030303955078, 0.0003859996795654297, 0.0003554821014404297, 0.0004067420959472656, 0.000408172607421875, 0.0003933906555175781, 0.00042319297790527344, 0.0003771781921386719, 0.00040602684020996094, 0.0003306865692138672, 0.0003249645233154297, 0.0003173351287841797, 0.0003345012664794922, 0.000293731689453125, 0.00042366981506347656, 
0.0006210803985595703, 0.0006508827209472656, 0.0006566047668457031, 0.0006182193756103516, 0.0005185604095458984, 0.00040650367736816406, 0.0003304481506347656, 0.0003509521484375, 0.0005040168762207031, 0.00040984153747558594, 0.0003719329833984375, 0.00038433074951171875, 0.0003650188446044922, 0.00045990943908691406, 0.0005247592926025391, 0.00042510032653808594, 0.00044608116149902344, 0.0003561973571777344, 0.0004239082336425781, 0.0003509521484375, 0.00032901763916015625, 0.00031065940856933594, 0.0003485679626464844, 0.00029850006103515625, 0.0004417896270751953, 


0.0005197525024414062, 0.0004589557647705078, 0.00047659873962402344, 0.000492095947265625, 
0.0003597736358642578, 0.0003750324249267578, 0.0003745555877685547, 0.00035119056701660156, 
0.0003209114074707031, 0.00033354759216308594, 0.00033164024353027344, 0.0003235340118408203, 
0.0003197193145751953, 0.0004489421844482422, 0.00033402442932128906, 0.00034737586975097656, 
0.0003113746643066406, 0.00033164024353027344, 0.00033354759216308594, 0.00033020973205566406, 
0.00048542022705078125, 0.0005240440368652344, 0.0005230903625488281, 0.0004887580871582031, 
0.0003216266632080078, 0.0003476142883300781, 0.0003502368927001953, 0.00029778480529785156, 
0.0003292560577392578, 0.000347137451171875, 0.0003368854522705078, 0.00034928321838378906, 
0.00031876564025878906, 0.0003294944763183594, 0.00040221214294433594, 0.00034809112548828125, 
0.000324249267578125, 0.00033855438232421875, 0.0003407001495361328, 0.0003211498260498047, 


0.0014417171478271484, 0.0014312267303466797, 0.0012896060943603516, 0.00135040283203125, 0.001535654067993164, 0.0011510848999023438, 0.0006673336029052734, 0.00047278404235839844, 0.014782428741455078, 0.00118255615234375, 0.000400543212890625, 0.00037169456481933594, 0.00036978721618652344, 0.0007624626159667969, 0.0007662773132324219, 0.013801813125610352, 0.0008742809295654297, 
0.0010066032409667969, 0.001073598861694336, 0.0010182857513427734, 0.0010077953338623047, 0.0013279914855957031, 0.0007221698760986328, 0.0007104873657226562, 0.0007338523864746094, 0.0007357597351074219, 0.000701904296875, 0.0007076263427734375, 0.0006749629974365234, 0.0007159709930419922, 0.0006728172302246094, 0.0007309913635253906, 0.0007443428039550781, 0.0007576942443847656, 
0.0006237030029296875, 0.0006575584411621094, 0.0006160736083984375, 0.0006437301635742188, 0.0010197162628173828, 0.0007236003875732422, 0.0007290840148925781, 0.00075531005859375, 0.0006930828094482422, 0.0013034343719482422, 0.0013015270233154297, 0.0007257461547851562, 0.0006814002990722656, 0.0006892681121826172, 0.00077056884765625, 0.0007746219635009766, 0.0007719993591308594, 
0.00046253204345703125, 0.0004949569702148438, 0.0004303455352783203, 0.0003266334533691406, 0.0012612342834472656, 0.0007309913635253906, 0.0007863044738769531, 0.0007588863372802734, 0.0007996559143066406, 0.0007932186126708984, 0.0008270740509033203, 0.0009849071502685547, 0.0006861686706542969, 0.0006811618804931641, 0.0007376670837402344, 0.0006854534149169922, 0.0007405281066894531, 
0.00030875205993652344, 0.000331878662109375, 0.0003254413604736328, 0.00033283233642578125, 0.001071929931640625, 0.0004239082336425781, 0.0003669261932373047, 0.00038743019104003906, 0.0005192756652832031, 0.0004703998565673828, 0.0004680156707763672, 0.0003504753112792969, 0.000347137451171875, 0.0003600120544433594, 0.00039124488830566406, 0.0004024505615234375, 0.0003898143768310547, 
0.0003020763397216797, 0.0003256797790527344, 0.00032806396484375, 0.00030350685119628906, 0.0009341239929199219, 0.0005970001220703125, 0.0003571510314941406, 0.0003833770751953125, 0.000522613525390625, 0.0004706382751464844, 0.0004665851593017578, 0.0003476142883300781, 0.00036454200744628906, 0.0003514289855957031, 0.00036978721618652344, 0.0003483295440673828, 0.0003840923309326172, 
0.0003132820129394531, 0.00033473968505859375, 0.00033092498779296875, 0.0003273487091064453, 0.0009331703186035156, 0.00041675567626953125, 0.0003688335418701172, 0.0003764629364013672, 0.0005090236663818359, 0.0004780292510986328, 0.00047278404235839844, 0.0006895065307617188, 0.0006887912750244141, 0.0006928443908691406, 0.0007221698760986328, 0.0006811618804931641, 0.0007543563842773438, 
0.0003237724304199219, 0.0003311634063720703, 0.00040984153747558594, 0.00031304359436035156, 0.0009684562683105469, 0.0007498264312744141, 0.0007131099700927734, 0.0007903575897216797, 0.0007307529449462891, 0.0007309913635253906, 0.0007011890411376953, 0.0006747245788574219, 0.0007085800170898438, 0.0006902217864990234, 0.0007486343383789062, 0.0007522106170654297, 0.0007815361022949219, 
0.0004909038543701172, 0.0005047321319580078, 0.0004677772521972656, 0.0003566741943359375, 0.0008192062377929688, 0.00042247772216796875, 0.00036334991455078125, 0.00037550926208496094, 0.0005576610565185547, 0.0004730224609375, 0.0004773139953613281, 0.0006940364837646484, 0.0006921291351318359, 0.0006856918334960938, 0.0007834434509277344, 0.0007131099700927734, 0.0007476806640625, 
0.0003075599670410156, 0.0003330707550048828, 0.0003135204315185547, 0.0003077983856201172, 0.0009348392486572266, 0.000728607177734375, 0.0007157325744628906, 0.0007398128509521484, 0.0007512569427490234, 0.0007112026214599609, 0.0007119178771972656, 0.0006868839263916016, 0.0006837844848632812, 0.0006887912750244141, 0.0007941722869873047, 0.0006911754608154297, 0.0007569789886474609, 


0.0006892681121826172, 0.0007500648498535156, 0.0007624626159667969, 0.0006997585296630859, 0.0017917156219482422, 
0.0005948543548583984, 0.0006482601165771484, 0.0006299018859863281, 0.0006673336029052734, 0.0007121562957763672, 
0.0006608963012695312, 0.0008649826049804688, 0.0010762214660644531, 0.0010275840759277344, 0.0010275840759277344, 
0.0009748935699462891, 0.0010766983032226562, 0.0010058879852294922, 0.0009922981262207031, 0.0009195804595947266, 
0.000965118408203125, 0.0010867118835449219, 0.0010094642639160156, 0.0010313987731933594, 0.0010085105895996094, 
0.0010614395141601562, 0.0010981559753417969, 0.0015819072723388672, 0.0010056495666503906, 0.001157999038696289, 
0.0006031990051269531, 0.0006608963012695312, 0.0006425380706787109, 0.0006124973297119141, 0.0011835098266601562, 
0.000591278076171875, 0.0006520748138427734, 0.0009210109710693359, 0.0006430149078369141, 0.0010523796081542969, 
0.0005955696105957031, 0.0006635189056396484, 0.0009303092956542969, 0.0006349086761474609, 0.0012814998626708984, 
0.0009558200836181641, 0.0010976791381835938, 0.0010194778442382812, 0.0010037422180175781, 0.0009343624114990234, 


0.0006983280181884766, 0.0007231235504150391, 0.0006854534149169922, 0.0006606578826904297, 0.001981019973754883, 0.0008866786956787109, 0.00140380859375, 0.0013179779052734375, 0.0009088516235351562, 0.0010192394256591797, 0.0010728836059570312, 0.0012218952178955078, 0.0008955001831054688, 0.0005483627319335938, 0.000537872314453125, 0.0017120838165283203, 0.0014171600341796875, 0.0005667209625244141, 0.0009350776672363281, 0.021340370178222656, 0.0011610984802246094, 0.0005359649658203125, 0.00943899154663086, 0.0006585121154785156, 0.024336814880371094, 0.0014426708221435547, 0.0004401206970214844, 0.019515514373779297, 0.01713418960571289, 0.0005860328674316406, 0.0003898143768310547, 0.000934600830078125, 0.0003867149353027344, 0.0008857250213623047, 0.0006303787231445312, 0.0008234977722167969, 0.0010924339294433594, 0.007149219512939453, 0.0007531642913818359, 
0.0006263256072998047, 0.0006604194641113281, 0.0006272792816162109, 0.0006227493286132812, 0.0008192062377929688, 0.0004127025604248047, 0.00037097930908203125, 0.0003707408905029297, 0.0005662441253662109, 0.0004229545593261719, 0.0003821849822998047, 0.000392913818359375, 0.0005490779876708984, 0.0004737377166748047, 0.0004825592041015625, 0.0005156993865966797, 0.00041174888610839844, 0.0003833770751953125, 0.0003783702850341797, 0.00034999847412109375, 0.0004336833953857422, 0.0003616809844970703, 0.0003859996795654297, 0.0003447532653808594, 0.00031757354736328125, 0.0003235340118408203, 0.0004253387451171875, 0.00038623809814453125, 0.00047516822814941406, 0.00039696693420410156, 0.00034117698669433594, 0.0004143714904785156, 0.00047206878662109375, 0.0006263256072998047, 0.00046825408935546875, 0.0006611347198486328, 0.0006310939788818359, 0.0004222393035888672, 0.00034809112548828125, 
0.0006239414215087891, 0.0006611347198486328, 0.0006501674652099609, 0.0006170272827148438, 0.0008969306945800781, 0.0006351470947265625, 0.0005259513854980469, 0.0005960464477539062, 0.0006117820739746094, 0.0005283355712890625, 0.0005719661712646484, 0.0006120204925537109, 0.0003809928894042969, 0.00038623809814453125, 0.0003459453582763672, 0.00048661231994628906, 0.0003714561462402344, 0.0004591941833496094, 0.0004036426544189453, 0.0004210472106933594, 0.00043654441833496094, 0.00037217140197753906, 0.00036334991455078125, 0.0003552436828613281, 0.00031447410583496094, 0.00036406517028808594, 0.0003795623779296875, 0.00038242340087890625, 0.0004916191101074219, 0.0003800392150878906, 0.00039839744567871094, 0.0006489753723144531, 0.0004737377166748047, 0.0006382465362548828, 0.00045871734619140625, 0.0007276535034179688, 0.0006434917449951172, 0.0006196498870849609, 0.0004858970642089844, 
0.0006268024444580078, 0.0006794929504394531, 0.0006287097930908203, 0.0006177425384521484, 0.0009624958038330078, 0.0004208087921142578, 0.0004990100860595703, 0.00038552284240722656, 0.0004019737243652344, 0.0003657341003417969, 0.0003857612609863281, 0.00045371055603027344, 0.00042748451232910156, 0.0003829002380371094, 0.0003952980041503906, 0.0004839897155761719, 0.00040984153747558594, 0.0005099773406982422, 0.0006868839263916016, 0.0003902912139892578, 0.0004277229309082031, 0.0003986358642578125, 0.000354766845703125, 0.00032639503479003906, 0.00032138824462890625, 0.00036597251892089844, 0.0003838539123535156, 0.0003898143768310547, 0.0005013942718505859, 0.0003750324249267578, 0.00034427642822265625, 0.00042629241943359375, 0.0003845691680908203, 0.0004813671112060547, 0.0003337860107421875, 0.0004954338073730469, 0.0005359649658203125, 0.000457763671875, 0.0003523826599121094, 
0.0006253719329833984, 0.0007081031799316406, 0.0006365776062011719, 0.0006136894226074219, 0.0011763572692871094, 0.0007264614105224609, 0.0007300376892089844, 0.000751495361328125, 0.0004978179931640625, 0.0004458427429199219, 0.0003848075866699219, 0.0005161762237548828, 0.0007634162902832031, 0.0003631114959716797, 0.0004723072052001953, 0.0004940032958984375, 0.00037860870361328125, 0.00043582916259765625, 0.0004150867462158203, 0.00040268898010253906, 0.0004878044128417969, 0.0003552436828613281, 0.00033974647521972656, 0.0003268718719482422, 0.0003275871276855469, 0.00036263465881347656, 0.0003981590270996094, 0.0004024505615234375, 0.00044536590576171875, 0.0003783702850341797, 0.0003571510314941406, 0.0004277229309082031, 0.00036263465881347656, 0.00041794776916503906, 0.0003476142883300781, 0.0004172325134277344, 0.0004329681396484375, 0.00045013427734375, 0.0003914833068847656, 
0.0007722377777099609, 0.0006678104400634766, 0.0006451606750488281, 0.0006232261657714844, 0.0012667179107666016, 0.000736236572265625, 0.00070953369140625, 0.0010249614715576172, 0.0011756420135498047, 0.0006968975067138672, 0.0007491111755371094, 0.0008099079132080078, 0.000873565673828125, 0.0008053779602050781, 0.0007646083831787109, 0.0005054473876953125, 0.0003883838653564453, 0.0006282329559326172, 0.00054931640625, 0.0005936622619628906, 0.0005807876586914062, 0.00036144256591796875, 0.00036406517028808594, 0.00032448768615722656, 0.000457763671875, 0.0004525184631347656, 0.0003781318664550781, 0.0003802776336669922, 0.00048160552978515625, 0.0004937648773193359, 0.0003437995910644531, 0.0004703998565673828, 0.00036144256591796875, 0.0004706382751464844, 0.0003714561462402344, 0.0004589557647705078, 0.0004143714904785156, 0.00044798851013183594, 0.00037169456481933594, 
0.0006139278411865234, 0.0006902217864990234, 0.0006241798400878906, 0.0006082057952880859, 0.0012776851654052734, 0.0011186599731445312, 0.0007205009460449219, 0.0007343292236328125, 0.0007505416870117188, 0.0006971359252929688, 0.0007710456848144531, 0.000720977783203125, 0.0006730556488037109, 0.0007746219635009766, 0.0006682872772216797, 0.0010151863098144531, 0.0007727146148681641, 0.0005733966827392578, 0.0004961490631103516, 0.0003533363342285156, 0.00043487548828125, 0.0003802776336669922, 0.0003743171691894531, 0.0003330707550048828, 0.0003325939178466797, 0.0003566741943359375, 0.0004069805145263672, 0.0003829002380371094, 0.0004787445068359375, 0.0003733634948730469, 0.0003514289855957031, 0.00042700767517089844, 0.00036525726318359375, 0.00042939186096191406, 0.0003571510314941406, 0.0004725456237792969, 0.00045990943908691406, 0.0004429817199707031, 0.00034737586975097656, 
0.00061798095703125, 0.0007097721099853516, 0.0006449222564697266, 0.0006251335144042969, 0.0009982585906982422, 0.0007178783416748047, 0.0007839202880859375, 0.0007770061492919922, 0.0008549690246582031, 0.0007979869842529297, 0.0008037090301513672, 0.0007352828979492188, 0.0007238388061523438, 0.0007188320159912109, 0.0006594657897949219, 0.0010154247283935547, 0.0007998943328857422, 0.0007038116455078125, 0.0007390975952148438, 0.0007541179656982422, 0.0008783340454101562, 0.0008025169372558594, 0.0008783340454101562, 0.0006611347198486328, 0.0007092952728271484, 0.0006437301635742188, 0.000766754150390625, 0.0007464885711669922, 0.0008161067962646484, 0.0007905960083007812, 0.0006847381591796875, 0.0008249282836914062, 0.0006928443908691406, 0.0007958412170410156, 0.0006756782531738281, 0.0007815361022949219, 0.0008134841918945312, 0.0008263587951660156, 0.0007009506225585938, 
0.0006163120269775391, 0.0006597042083740234, 0.0006248950958251953, 0.0006260871887207031, 0.000881195068359375, 0.0006253719329833984, 0.0005271434783935547, 0.0005812644958496094, 0.0005931854248046875, 0.0005307197570800781, 0.0005776882171630859, 0.0006020069122314453, 0.00038313865661621094, 0.00040721893310546875, 0.0003609657287597656, 0.0004863739013671875, 0.0003752708435058594, 0.00040841102600097656, 0.000392913818359375, 0.00037479400634765625, 0.0004210472106933594, 0.0003733634948730469, 0.0003604888916015625, 0.00033211708068847656, 0.0003101825714111328, 0.0003540515899658203, 0.0003771781921386719, 0.00038814544677734375, 0.000438690185546875, 0.00038504600524902344, 0.0003476142883300781, 0.0004367828369140625, 0.00037479400634765625, 0.0004162788391113281, 0.000331878662109375, 0.0004649162292480469, 0.0004222393035888672, 0.0004229545593261719, 0.0003383159637451172, 
0.0006761550903320312, 0.0006806850433349609, 0.0006692409515380859, 0.0006291866302490234, 0.001003265380859375, 0.0007042884826660156, 0.0007114410400390625, 0.0008137226104736328, 0.00092315673828125, 0.0006864070892333984, 0.0007596015930175781, 0.0010519027709960938, 0.0007479190826416016, 0.00040268898010253906, 0.00036835670471191406, 0.00048470497131347656, 0.00038313865661621094, 0.0004189014434814453, 0.0003974437713623047, 0.0003726482391357422, 0.00042438507080078125, 0.00037384033203125, 0.0003726482391357422, 0.0003528594970703125, 0.0003261566162109375, 0.0003342628479003906, 0.0003867149353027344, 0.00039076805114746094, 0.00044274330139160156, 0.00047659873962402344, 0.0004134178161621094, 0.0004839897155761719, 0.0003616809844970703, 0.0004642009735107422, 0.00034165382385253906, 0.00041961669921875, 0.0004394054412841797, 0.00042700767517089844, 0.0003502368927001953, 


