9.154857873916626
26.607568740844727
32.99127173423767
9.26969838142395
5.5644426345825195
5.56327748298645
4.928016662597656
50.11968541145325
67.72220826148987
20.734252452850342
4.29620099067688
19.706944465637207
9.55836033821106
11.496421575546265
35.190770864486694
31.76380228996277
21.75186848640442
6.565284252166748
6.926265001296997
5.25431752204895
8.541463851928711
13.092777252197266
6.73754620552063
8.434415102005005
9.3068528175354
6.932785511016846
8.888736486434937
6.577198028564453
8.151307106018066
7.4094672203063965
6.029566049575806
6.279455900192261
7.534526586532593
6.726729154586792
7.754404067993164
6.6357080936431885
6.328227758407593
6.470661878585815
6.358273029327393
13.209158182144165
6.517924785614014
5.322092294692993
5.714125394821167
6.730247735977173
6.121902942657471
13.135847091674805
5.591305494308472
6.075081825256348
5.048419237136841
20.259013414382935
10.304080963134766
8.579343795776367
10.901395797729492
14.112380981445312
4.93578577041626
13.111421585083008
8.114659547805786
5.260509490966797
32.708141803741455
18.6015841960907
589.7878978252411
8.585400342941284
5.772899866104126
5.951619625091553
8.724987506866455
8.106676816940308
9.4920072555542
9.512279272079468
8.100346088409424
20.532747507095337
26.720914602279663
5.81367826461792
9.644113063812256
6.146069049835205
8.735982656478882
24.156126976013184
19.303652048110962
6.128447532653809
7.3272545337677
4.912487745285034
10.68105173110962
6.487945079803467
10.196905136108398
7.8812291622161865
10.388696670532227
9.756615161895752
9.019794940948486
11.230651617050171
11.715091943740845
10.651606321334839
11.059281349182129
7.634230613708496
9.513513326644897
6.6498799324035645
8.71273398399353
12.751163482666016
8.712217092514038
7.823840618133545
8.602890729904175
9.421298503875732
6.56023383140564
6.978469133377075
8.033226013183594
7.123024940490723
5.579111337661743
200.8352587223053
20.18345832824707
7.072988510131836
7.534668445587158
7.5554609298706055
5.7790868282318115
8.154377460479736
10.635806560516357
11.172748327255249
6.740118980407715
90.9653480052948
28.60240077972412
56.80167245864868
7.788231372833252
7.877751350402832
16.547519207000732
9.134553909301758
9.911033391952515
7.642709970474243
8.012080669403076
20.862942218780518
6.999748945236206
16.95913004875183
26.216496467590332
64.79859280586243
10.071521043777466
9.794077634811401
7.411141395568848
11.313267707824707
7.149670124053955
7.500708341598511
7.573249816894531
29.489975452423096
11.085630893707275
6.659633159637451
5.937414169311523
6.446595668792725
7.003273963928223
6.4954822063446045
5.782765865325928
4.059377193450928
6.348600625991821
5.950190544128418
6.663325786590576
5.83791184425354
4.396108388900757
5.004183053970337
6.773049592971802
6.1509926319122314
5.6785242557525635
4.801747798919678
6.79927396774292
8.097812175750732
6.3463897705078125
6.773189067840576
6.61686635017395
5.281450986862183
5.244977235794067
29.152405261993408
6.728422164916992
7.156494140625
8.588714838027954
11.339449405670166
7.527522087097168
46.21427392959595
19.060343503952026
99.48686861991882
9.162216663360596
9.154527425765991
8.982886791229248
9.109865188598633
15.19486403465271
7.880276203155518
7.271881580352783
6.308310508728027
7.707733154296875
4.860645294189453
30.19093418121338
22.460450410842896
22.437227487564087
6.382992267608643
12.105235576629639
6.539294481277466
10.403039693832397
8.6983060836792
6.062963485717773
7.818458080291748
7.807241678237915
8.267606258392334
8.150925636291504
28.046746969223022
6.62355375289917
9.963401079177856
8.599762201309204
9.45815896987915
9.298136711120605
7.344331741333008
8.009600400924683
12.241498947143555
7.001596927642822
7.000881195068359
9.17401647567749
8.204719305038452
7.0510077476501465
8.757412195205688
7.4835710525512695
9.718614101409912
8.27340579032898
6.1993958950042725
7.24219822883606
8.741668701171875
7.3855462074279785
6.088962078094482
7.446858882904053
14.946882247924805
6.261328458786011
8.76992416381836
6.439604043960571
9.727383136749268
6.730425119400024
7.496196746826172
13.977814435958862
22.10295820236206
7.288310527801514
5.362828254699707
9.8240487575531
13.786146879196167
6.553899765014648
6.329104900360107
9.257296085357666
10.451216220855713
11.731970310211182
10.574540376663208
8.220705509185791
7.190313816070557
9.2344331741333
8.766878843307495
8.538009643554688
6.6157331466674805
7.813348293304443
19.31419014930725
21.380462646484375
11.770617008209229
14.500391960144043
10.017968654632568
11.877685308456421
5.748883008956909
5.092208385467529
11.354336023330688
7.244690656661987
11.031434059143066
9.50350022315979
26.27013397216797
9.798586130142212
7.645273685455322
6.875208139419556
7.578326225280762
7.540225267410278
7.958397626876831
9.055442810058594
12.988351345062256
6.588949203491211
8.123400926589966
9.152631759643555
10.146803379058838
9.502440214157104
11.296928882598877
10.848942041397095
10.474842548370361
8.944656372070312
9.593202590942383
10.766994953155518
10.709935665130615
7.352507591247559
9.000441789627075
8.95416522026062
7.757976770401001
8.791938304901123
7.148347616195679
9.855342626571655
9.10951018333435
19.658783674240112
7.050560235977173
7.709022521972656
21.905794382095337
5.618420600891113
6.287342071533203
12.70906949043274
22.68283462524414
13.228541135787964
9.279410600662231
9.51580810546875
10.24427080154419
8.380035400390625
12.553343057632446
8.77596402168274
10.796367406845093
9.418447494506836
8.458248853683472
11.957141637802124
10.769306898117065
13.393789291381836
12.135181665420532
12.832088947296143
11.761633396148682
14.177714824676514
11.600923776626587
13.608965158462524
16.40862464904785
14.474321842193604
7.4037110805511475
14.080245971679688
14.823824167251587
12.678547143936157
15.529416561126709
13.619075536727905
9.476523637771606
6.760112524032593
5.137746095657349
11.227038621902466
7.134312629699707
11.036585807800293
4.810297727584839
5.532696962356567
6.917840957641602
9.096735954284668
6.841688394546509
5.275560617446899
54.91452765464783
15.502229690551758
15.800437688827515
12.123100757598877
16.25468397140503
8.117599964141846
7.165014982223511
15.247590065002441
15.456133365631104
7.181166172027588
24.81236958503723
9.184292316436768
32.223575830459595
11.154281377792358
26.04388999938965
12.652889966964722
14.023146390914917
28.813233375549316
19.30687165260315
4.873761415481567
8.52222728729248
6.375699520111084
10.416221141815186
17.129531860351562
10.528947353363037
6.090358018875122
6.176969289779663
6.138030767440796
5.526757001876831
6.762105226516724
7.424057245254517
14.922947406768799
9.632370233535767
16.687710762023926
11.081721544265747
6.889425754547119
10.6073739528656
63.45299315452576
15.163791418075562
14.698484182357788
7.554486274719238
6.949239015579224
7.36352014541626
6.1357927322387695
6.949049711227417
7.653359889984131
7.606766223907471
8.32800006866455
10.024416208267212
9.095850706100464
5.037625074386597
6.9981911182403564
5.774017810821533
6.358125925064087
7.796377420425415
6.671740770339966
7.969320058822632
11.251967906951904
26.63210654258728
10.652670621871948
10.321930170059204
3.726487636566162
14.145737886428833
10.265816926956177
13.056764364242554
6.0256030559539795
5.479371547698975
12.27185606956482
9.001131057739258
5.325089931488037
7.172471284866333
12.558239459991455
8.459092617034912
6.59620475769043
4.2704033851623535
7.071103096008301
36.09539818763733
6.56239914894104
23.261051416397095
14.41020679473877
19.183309078216553
5.594367027282715
6.841667175292969
18.591530561447144
52.29997134208679
9.19758129119873
8.487791061401367
8.144162893295288
12.235273599624634
5.245469331741333
6.288593530654907
8.877410650253296
12.942380666732788
7.419013977050781
6.351231813430786
5.9897496700286865
6.0221641063690186
6.470163106918335
5.971484899520874
6.811790466308594
4.493680715560913
5.9354164600372314
8.141524076461792
6.8443732261657715
26.159052848815918
26.77200722694397
39.302343130111694
20.885682344436646
20.398311614990234
24.136040925979614
23.886426210403442
32.55339288711548
14.144885778427124
4.568240642547607
7.530908584594727
6.160693645477295
5.949802875518799
6.7409889698028564
8.635987997055054
6.217455148696899
6.871652126312256
6.203737735748291
6.087128639221191
15.373286962509155
17.073572874069214
6.668541431427002
10.326287031173706
7.868274211883545
9.917443990707397
6.510758638381958
6.704745054244995
6.912495374679565
7.400726318359375
7.485830307006836
7.175058841705322
7.7778000831604
5.664052486419678
7.600456476211548
7.583527088165283
5.461069583892822
6.284473896026611
6.104796886444092
7.635181427001953
8.537947416305542
6.557671785354614
8.081515073776245
52.95608377456665
12.767230749130249
9.375845432281494
16.30378770828247
18.6342613697052
6.003355979919434
8.258524417877197
4.959254026412964
8.666833639144897
12.078067302703857
5.353995084762573
6.219483852386475
5.697695255279541
7.237820386886597
10.601626634597778
7.437733888626099
6.596963167190552
9.399393558502197
4.94850754737854
9.022842168807983
6.047406435012817
6.226494789123535
12.056556224822998
37.66528081893921
6.28689432144165
5.989103078842163
7.190001487731934
7.2020769119262695
11.269776821136475
7.960390090942383
5.6444091796875
8.094703197479248
4.515747785568237
5.870298147201538
6.793016195297241
7.494588136672974
15.825754880905151
18.332894325256348
15.07561445236206
3.908843755722046
9.830448389053345
4.8986194133758545
12.053810596466064
10.8051598072052
7.956527471542358
7.19559383392334
6.380521535873413
6.373458385467529
7.122975826263428
5.320427179336548
7.095220327377319
9.244243860244751
6.8116841316223145
16.047938108444214
5.154151916503906
6.389215469360352
6.175860166549683
5.860510587692261
5.715887784957886
4.83148980140686
8.484503030776978
7.573021650314331
5.4159650802612305
10.832853555679321
91.03895401954651
18.08006739616394
5.438987731933594
13.351754903793335
5.113215684890747
6.9748101234436035
17.723941564559937
7.8534626960754395
13.276016473770142
10.15252947807312
8.896031379699707
12.680617809295654
4.440900564193726
6.1015613079071045
21.900445222854614
8.678106784820557
14.345931053161621
7.237537145614624
5.475675582885742
7.043990612030029
6.536694526672363
9.269487619400024
6.870302438735962
5.089294910430908
6.263155460357666
79.79729914665222
4.886430740356445
10.433101654052734
6.636298894882202
27.391926765441895
22.183118104934692
28.4942467212677
7.856791734695435
8.174443244934082
4.986221551895142
7.379102945327759
9.574159145355225
6.580986022949219
7.756835699081421
11.395711898803711
43.88705372810364
12.885759353637695
8.532269954681396
7.011377334594727
10.793402671813965
6.192306756973267
5.474261045455933
7.1665191650390625
8.91299295425415
7.919893741607666
6.358523368835449
6.295039176940918
10.483919620513916
5.232165098190308
10.156156063079834
17.837693214416504
9.084230422973633
7.9498162269592285
7.016014575958252
6.343920707702637
5.78410792350769
6.522112131118774
6.807620525360107
7.01201319694519
7.253729581832886
17.243082523345947
8.645874261856079
8.629250288009644
5.786294937133789
7.394795179367065
7.097140312194824
9.865155696868896
3.880232810974121
6.188284635543823
3.912686347961426
5.511681318283081
6.515046119689941
5.589477062225342
7.062636613845825
13.500277280807495
8.220052480697632
44.341431856155396
14.886749505996704
6.5258119106292725
5.846450328826904
7.01544976234436
10.28486442565918
6.319421768188477
8.598959922790527
5.843834161758423
5.17925238609314
19.813819646835327
6.382383823394775
7.548368215560913
6.0212318897247314
5.69649863243103
5.776655197143555
5.237161159515381
9.301841497421265
6.913699388504028
6.238434553146362
6.5410425662994385
17.709664821624756
4.289006948471069
5.428586006164551
8.367412328720093
10.55117392539978
4.839853763580322
7.657904148101807
6.879725933074951
5.572743654251099
4.817948341369629
9.039690494537354
6.787931680679321
6.14832329750061
7.280379056930542
4.835297584533691
6.326595067977905
6.775867223739624
4.4579386711120605
6.1064324378967285
7.695405721664429
13.594089269638062
13.536013126373291
5.750282049179077
8.502455234527588
6.785876512527466
6.552706480026245
5.807985305786133
6.284787654876709
7.829679727554321
5.504907846450806
6.182291269302368
5.950218915939331
4.7483601570129395
15.171612977981567
7.668168783187866
7.8536882400512695
21.44112992286682
9.495086669921875
54.83724522590637
18.076555013656616
10.67627215385437
7.3372766971588135
7.697829961776733
6.7834625244140625
7.079904079437256
6.304297685623169
6.292277812957764
6.1958818435668945
5.660918235778809
6.590031385421753
5.86430025100708
5.185650587081909
9.194361209869385
7.952764987945557
7.97386908531189
5.371874570846558
6.043938875198364
6.740882873535156
5.293070554733276
6.433451414108276
6.8078413009643555
8.213905334472656
8.365119457244873
6.466777563095093
7.148267984390259
6.62371039390564
7.728136301040649
6.853403329849243
6.226624011993408
7.0294506549835205
9.174667835235596
6.858854293823242
5.379074573516846
6.0693888664245605
6.224488258361816
7.419480800628662
9.751219272613525
5.600826025009155
7.940840005874634
6.90913987159729
6.055241107940674
5.7017927169799805
10.049679040908813
7.855533123016357
6.770828723907471
10.206185340881348
7.5656514167785645
6.541261911392212
5.9652910232543945
5.584096193313599
4.842411518096924
6.43968939781189
5.080745458602905
5.087571382522583
5.067334413528442
9.422692060470581
6.737630844116211
36.31443548202515
15.092559814453125
7.690452814102173
5.2317798137664795
7.203549861907959
6.727365493774414
9.590742826461792
5.798854827880859
10.940378189086914
5.874347686767578
12.952856540679932
7.27013897895813
7.525996446609497
10.83981466293335
11.476738214492798
22.64426851272583
12.507285594940186
5.264404535293579
11.45563292503357
8.450051307678223
9.464486360549927
10.040865421295166
11.387956857681274
11.877049684524536
11.234524965286255
7.767518758773804
11.42918872833252
10.766674995422363
9.263603687286377
7.682574033737183
10.234482288360596
8.532009363174438
9.851883172988892
7.313562870025635
7.876315116882324
8.428407430648804
6.306650400161743
16.67713475227356
6.752140522003174
5.94560980796814
3.6009395122528076
8.109017610549927
8.959680795669556
6.277497053146362
8.36424207687378
7.633742570877075
6.973487138748169
6.004019737243652
15.574908971786499
12.883883476257324
9.72181510925293
6.570759296417236
9.400029420852661
6.275181293487549
11.889837741851807
7.972405195236206
4.455016374588013
7.817078590393066
12.50798225402832
5.360252857208252
30.03973388671875
6.469562530517578
6.9624505043029785
7.100248098373413
7.837032794952393
6.9432573318481445
7.8821563720703125
10.662269115447998
25.895406246185303
9.866379737854004
7.011906862258911
9.910440683364868
12.067145824432373
14.134962797164917
18.01966691017151
8.469837427139282
5.383401870727539
9.664531469345093
18.849567413330078
8.193074703216553
5.6734185218811035
6.854089260101318
5.816421985626221
6.173746347427368
30.023935317993164
25.484216451644897
7.279107332229614
15.232696294784546
5.869292259216309
6.659565448760986
9.159581899642944
8.707205772399902
5.935513019561768
5.71046257019043
34.29622769355774
29.423525094985962
18.5352623462677
6.624382019042969
16.436068773269653
31.561246395111084
9.167616844177246
10.302139282226562
45.55877637863159
40.95717740058899
38.539844036102295
20.43338394165039
23.831443309783936
9.8081796169281
65.87679076194763
16.429746627807617
32.12861752510071
20.898571252822876
12.589445114135742
18.792015075683594
15.463382244110107
13.442782878875732
13.480769157409668
29.4121196269989
32.033119678497314
33.39371943473816
23.896819591522217
12.360922574996948
12.576668977737427
9.951827764511108
14.004774808883667
28.10849666595459
31.32500672340393
7.205323219299316
11.377681732177734
29.383368015289307
30.117101430892944
16.293387413024902
38.591490507125854
10.760835409164429
23.149543523788452
25.29916286468506
26.26898980140686
12.000906229019165
19.29666304588318
11.57863187789917
18.798564672470093
22.81574320793152
8.632515668869019
20.557942152023315
21.661940336227417
19.861860036849976
19.061091899871826
28.15989851951599
28.97846269607544
22.788197994232178
33.38102912902832
25.265437364578247
9.365959644317627
28.144443035125732
24.20804190635681
11.3691725730896
11.121302604675293
18.879969835281372
18.93492364883423
28.86607074737549
19.045251846313477
14.542447090148926
8.161576747894287
11.265578985214233
15.781487941741943
11.026021242141724
14.622597932815552
8.73540735244751
7.8806586265563965
15.000436544418335
56.01601266860962
13.24725341796875
23.115766763687134
17.533458948135376
25.43285846710205
10.610442638397217
13.048555135726929
14.643981218338013
20.435943126678467
13.565453052520752
7.87529993057251
31.707946300506592
14.572356224060059
13.168896198272705
17.11892294883728
11.495657682418823
20.170276403427124
6.5812087059021
10.947917938232422
24.22904348373413
62.194766998291016
60.21699094772339
12.10125732421875
9.500916242599487
9.90694522857666
10.691539287567139
10.018163681030273
10.167508125305176
14.075081586837769
9.93168330192566
11.926124572753906
9.630819320678711
8.766093492507935
7.507955312728882
8.463539600372314
8.709059715270996
7.402530670166016
9.846956253051758
8.76305627822876
9.586771726608276
8.405293941497803
8.479425191879272
11.163583278656006
9.509206533432007
13.446624279022217
10.448683023452759
8.600280284881592
10.217699527740479
13.527408599853516
12.359215259552002
9.441955327987671
11.01166296005249
8.103291511535645
8.578497648239136
8.498308181762695
16.36318063735962
44.28847146034241
8.634247541427612
62.0817437171936
12.972448348999023
19.541481018066406
9.824239730834961
12.805641651153564
13.443000316619873
17.858874082565308
30.43100905418396
12.350042343139648
9.304728984832764
12.531914949417114
13.42362928390503
9.547496795654297
10.609528064727783
10.089961528778076
15.413773775100708
10.603767156600952
6.991083145141602
14.166818857192993
9.199236154556274
12.433617115020752
9.263968467712402
7.639989376068115
10.533836841583252
7.206834077835083
10.942097187042236
11.853831052780151
12.544161319732666
29.69100046157837
10.924691438674927


[9.154857873916626, 26.607568740844727, 32.99127173423767, 9.26969838142395, 5.5644426345825195, 5.56327748298645, 4.928016662597656, 50.11968541145325, 67.72220826148987, 20.734252452850342, 4.29620099067688, 19.706944465637207, 9.55836033821106, 11.496421575546265, 35.190770864486694, 31.76380228996277, 21.75186848640442, 6.565284252166748, 6.926265001296997, 5.25431752204895, 8.541463851928711, 13.092777252197266, 6.73754620552063, 8.434415102005005, 9.3068528175354, 6.932785511016846, 8.888736486434937, 6.577198028564453, 8.151307106018066, 7.4094672203063965, 6.029566049575806, 6.279455900192261, 7.534526586532593, 6.726729154586792, 7.754404067993164, 6.6357080936431885, 6.328227758407593, 6.470661878585815, 6.358273029327393, 13.209158182144165, 6.517924785614014, 5.322092294692993, 5.714125394821167, 6.730247735977173, 6.121902942657471, 13.135847091674805, 5.591305494308472, 6.075081825256348, 5.048419237136841, 20.259013414382935, 10.304080963134766, 8.579343795776367, 10.901395797729492, 14.112380981445312, 4.93578577041626, 13.111421585083008, 8.114659547805786, 5.260509490966797, 32.708141803741455, 18.6015841960907, 589.7878978252411, 8.585400342941284, 5.772899866104126, 5.951619625091553, 8.724987506866455, 8.106676816940308, 9.4920072555542, 9.512279272079468, 8.100346088409424, 20.532747507095337, 26.720914602279663, 5.81367826461792, 9.644113063812256, 6.146069049835205, 8.735982656478882, 24.156126976013184, 19.303652048110962, 6.128447532653809, 7.3272545337677, 4.912487745285034, 10.68105173110962, 6.487945079803467, 10.196905136108398, 7.8812291622161865, 10.388696670532227, 9.756615161895752, 9.019794940948486, 11.230651617050171, 11.715091943740845, 10.651606321334839, 11.059281349182129, 7.634230613708496, 9.513513326644897, 6.6498799324035645, 8.71273398399353, 12.751163482666016, 8.712217092514038, 7.823840618133545, 8.602890729904175, 9.421298503875732, 6.56023383140564, 6.978469133377075, 8.033226013183594, 7.123024940490723, 5.579111337661743, 200.8352587223053, 20.18345832824707, 7.072988510131836, 7.534668445587158, 7.5554609298706055, 5.7790868282318115, 8.154377460479736, 10.635806560516357, 11.172748327255249, 6.740118980407715, 90.9653480052948, 28.60240077972412, 56.80167245864868, 7.788231372833252, 7.877751350402832, 16.547519207000732, 9.134553909301758, 9.911033391952515, 7.642709970474243, 8.012080669403076, 20.862942218780518, 6.999748945236206, 16.95913004875183, 26.216496467590332, 64.79859280586243, 10.071521043777466, 9.794077634811401, 7.411141395568848, 11.313267707824707, 7.149670124053955, 7.500708341598511, 7.573249816894531, 29.489975452423096, 11.085630893707275, 6.659633159637451, 5.937414169311523, 6.446595668792725, 7.003273963928223, 6.4954822063446045, 5.782765865325928, 4.059377193450928, 6.348600625991821, 5.950190544128418, 6.663325786590576, 5.83791184425354, 4.396108388900757, 5.004183053970337, 6.773049592971802, 6.1509926319122314, 5.6785242557525635, 4.801747798919678, 6.79927396774292, 8.097812175750732, 6.3463897705078125, 6.773189067840576, 6.61686635017395, 5.281450986862183, 5.244977235794067, 29.152405261993408, 6.728422164916992, 7.156494140625, 8.588714838027954, 11.339449405670166, 7.527522087097168, 46.21427392959595, 19.060343503952026, 99.48686861991882, 9.162216663360596, 9.154527425765991, 8.982886791229248, 9.109865188598633, 15.19486403465271, 7.880276203155518, 7.271881580352783, 6.308310508728027, 7.707733154296875, 4.860645294189453, 30.19093418121338, 22.460450410842896, 22.437227487564087, 6.382992267608643, 12.105235576629639, 6.539294481277466, 10.403039693832397, 8.6983060836792, 6.062963485717773, 7.818458080291748, 7.807241678237915, 8.267606258392334, 8.150925636291504, 28.046746969223022, 6.62355375289917, 9.963401079177856, 8.599762201309204, 9.45815896987915, 9.298136711120605, 7.344331741333008, 8.009600400924683, 12.241498947143555, 7.001596927642822, 7.000881195068359, 9.17401647567749, 8.204719305038452, 7.0510077476501465, 8.757412195205688, 7.4835710525512695, 9.718614101409912, 8.27340579032898, 6.1993958950042725, 7.24219822883606, 8.741668701171875, 7.3855462074279785, 6.088962078094482, 7.446858882904053, 14.946882247924805, 6.261328458786011, 8.76992416381836, 6.439604043960571, 9.727383136749268, 6.730425119400024, 7.496196746826172, 13.977814435958862, 22.10295820236206, 7.288310527801514, 5.362828254699707, 9.8240487575531, 13.786146879196167, 6.553899765014648, 6.329104900360107, 9.257296085357666, 10.451216220855713, 11.731970310211182, 10.574540376663208, 8.220705509185791, 7.190313816070557, 9.2344331741333, 8.766878843307495, 8.538009643554688, 6.6157331466674805, 7.813348293304443, 19.31419014930725, 21.380462646484375, 11.770617008209229, 14.500391960144043, 10.017968654632568, 11.877685308456421, 5.748883008956909, 5.092208385467529, 11.354336023330688, 7.244690656661987, 11.031434059143066, 9.50350022315979, 26.27013397216797, 9.798586130142212, 7.645273685455322, 6.875208139419556, 7.578326225280762, 7.540225267410278, 7.958397626876831, 9.055442810058594, 12.988351345062256, 6.588949203491211, 8.123400926589966, 9.152631759643555, 10.146803379058838, 9.502440214157104, 11.296928882598877, 10.848942041397095, 10.474842548370361, 8.944656372070312, 9.593202590942383, 10.766994953155518, 10.709935665130615, 7.352507591247559, 9.000441789627075, 8.95416522026062, 7.757976770401001, 8.791938304901123, 7.148347616195679, 9.855342626571655, 9.10951018333435, 19.658783674240112, 7.050560235977173, 7.709022521972656, 21.905794382095337, 5.618420600891113, 6.287342071533203, 12.70906949043274, 22.68283462524414, 13.228541135787964, 9.279410600662231, 9.51580810546875, 10.24427080154419, 8.380035400390625, 12.553343057632446, 8.77596402168274, 10.796367406845093, 9.418447494506836, 8.458248853683472, 11.957141637802124, 10.769306898117065, 13.393789291381836, 12.135181665420532, 12.832088947296143, 11.761633396148682, 14.177714824676514, 11.600923776626587, 13.608965158462524, 16.40862464904785, 14.474321842193604, 7.4037110805511475, 14.080245971679688, 14.823824167251587, 12.678547143936157, 15.529416561126709, 13.619075536727905, 9.476523637771606, 6.760112524032593, 5.137746095657349, 11.227038621902466, 7.134312629699707, 11.036585807800293, 4.810297727584839, 5.532696962356567, 6.917840957641602, 9.096735954284668, 6.841688394546509, 5.275560617446899, 54.91452765464783, 15.502229690551758, 15.800437688827515, 12.123100757598877, 16.25468397140503, 8.117599964141846, 7.165014982223511, 15.247590065002441, 15.456133365631104, 7.181166172027588, 24.81236958503723, 9.184292316436768, 32.223575830459595, 11.154281377792358, 26.04388999938965, 12.652889966964722, 14.023146390914917, 28.813233375549316, 19.30687165260315, 4.873761415481567, 8.52222728729248, 6.375699520111084, 10.416221141815186, 17.129531860351562, 10.528947353363037, 6.090358018875122, 6.176969289779663, 6.138030767440796, 5.526757001876831, 6.762105226516724, 7.424057245254517, 14.922947406768799, 9.632370233535767, 16.687710762023926, 11.081721544265747, 6.889425754547119, 10.6073739528656, 63.45299315452576, 15.163791418075562, 14.698484182357788, 7.554486274719238, 6.949239015579224, 7.36352014541626, 6.1357927322387695, 6.949049711227417, 7.653359889984131, 7.606766223907471, 8.32800006866455, 10.024416208267212, 9.095850706100464, 5.037625074386597, 6.9981911182403564, 5.774017810821533, 6.358125925064087, 7.796377420425415, 6.671740770339966, 7.969320058822632, 11.251967906951904, 26.63210654258728, 10.652670621871948, 10.321930170059204, 3.726487636566162, 14.145737886428833, 10.265816926956177, 13.056764364242554, 6.0256030559539795, 5.479371547698975, 12.27185606956482, 9.001131057739258, 5.325089931488037, 7.172471284866333, 12.558239459991455, 8.459092617034912, 6.59620475769043, 4.2704033851623535, 7.071103096008301, 36.09539818763733, 6.56239914894104, 23.261051416397095, 14.41020679473877, 19.183309078216553, 5.594367027282715, 6.841667175292969, 18.591530561447144, 52.29997134208679, 9.19758129119873, 8.487791061401367, 8.144162893295288, 12.235273599624634, 5.245469331741333, 6.288593530654907, 8.877410650253296, 12.942380666732788, 7.419013977050781, 6.351231813430786, 5.9897496700286865, 6.0221641063690186, 6.470163106918335, 5.971484899520874, 6.811790466308594, 4.493680715560913, 5.9354164600372314, 8.141524076461792, 6.8443732261657715, 26.159052848815918, 26.77200722694397, 39.302343130111694, 20.885682344436646, 20.398311614990234, 24.136040925979614, 23.886426210403442, 32.55339288711548, 14.144885778427124, 4.568240642547607, 7.530908584594727, 6.160693645477295, 5.949802875518799, 6.7409889698028564, 8.635987997055054, 6.217455148696899, 6.871652126312256, 6.203737735748291, 6.087128639221191, 15.373286962509155, 17.073572874069214, 6.668541431427002, 10.326287031173706, 7.868274211883545, 9.917443990707397, 6.510758638381958, 6.704745054244995, 6.912495374679565, 7.400726318359375, 7.485830307006836, 7.175058841705322, 7.7778000831604, 5.664052486419678, 7.600456476211548, 7.583527088165283, 5.461069583892822, 6.284473896026611, 6.104796886444092, 7.635181427001953, 8.537947416305542, 6.557671785354614, 8.081515073776245, 52.95608377456665, 12.767230749130249, 9.375845432281494, 16.30378770828247, 18.6342613697052, 6.003355979919434, 8.258524417877197, 4.959254026412964, 8.666833639144897, 12.078067302703857, 5.353995084762573, 6.219483852386475, 5.697695255279541, 7.237820386886597, 10.601626634597778, 7.437733888626099, 6.596963167190552, 9.399393558502197, 4.94850754737854, 9.022842168807983, 6.047406435012817, 6.226494789123535, 12.056556224822998, 37.66528081893921, 6.28689432144165, 5.989103078842163, 7.190001487731934, 7.2020769119262695, 11.269776821136475, 7.960390090942383, 5.6444091796875, 8.094703197479248, 4.515747785568237, 5.870298147201538, 6.793016195297241, 7.494588136672974, 15.825754880905151, 18.332894325256348, 15.07561445236206, 3.908843755722046, 9.830448389053345, 4.8986194133758545, 12.053810596466064, 10.8051598072052, 7.956527471542358, 7.19559383392334, 6.380521535873413, 6.373458385467529, 7.122975826263428, 5.320427179336548, 7.095220327377319, 9.244243860244751, 6.8116841316223145, 16.047938108444214, 5.154151916503906, 6.389215469360352, 6.175860166549683, 5.860510587692261, 5.715887784957886, 4.83148980140686, 8.484503030776978, 7.573021650314331, 5.4159650802612305, 10.832853555679321, 91.03895401954651, 18.08006739616394, 5.438987731933594, 13.351754903793335, 5.113215684890747, 6.9748101234436035, 17.723941564559937, 7.8534626960754395, 13.276016473770142, 10.15252947807312, 8.896031379699707, 12.680617809295654, 4.440900564193726, 6.1015613079071045, 21.900445222854614, 8.678106784820557, 14.345931053161621, 7.237537145614624, 5.475675582885742, 7.043990612030029, 6.536694526672363, 9.269487619400024, 6.870302438735962, 5.089294910430908, 6.263155460357666, 79.79729914665222, 4.886430740356445, 10.433101654052734, 6.636298894882202, 27.391926765441895, 22.183118104934692, 28.4942467212677, 7.856791734695435, 8.174443244934082, 4.986221551895142, 7.379102945327759, 9.574159145355225, 6.580986022949219, 7.756835699081421, 11.395711898803711, 43.88705372810364, 12.885759353637695, 8.532269954681396, 7.011377334594727, 10.793402671813965, 6.192306756973267, 5.474261045455933, 7.1665191650390625, 8.91299295425415, 7.919893741607666, 6.358523368835449, 6.295039176940918, 10.483919620513916, 5.232165098190308, 10.156156063079834, 17.837693214416504, 9.084230422973633, 7.9498162269592285, 7.016014575958252, 6.343920707702637, 5.78410792350769, 6.522112131118774, 6.807620525360107, 7.01201319694519, 7.253729581832886, 17.243082523345947, 8.645874261856079, 8.629250288009644, 5.786294937133789, 7.394795179367065, 7.097140312194824, 9.865155696868896, 3.880232810974121, 6.188284635543823, 3.912686347961426, 5.511681318283081, 6.515046119689941, 5.589477062225342, 7.062636613845825, 13.500277280807495, 8.220052480697632, 44.341431856155396, 14.886749505996704, 6.5258119106292725, 5.846450328826904, 7.01544976234436, 10.28486442565918, 6.319421768188477, 8.598959922790527, 5.843834161758423, 5.17925238609314, 19.813819646835327, 6.382383823394775, 7.548368215560913, 6.0212318897247314, 5.69649863243103, 5.776655197143555, 5.237161159515381, 9.301841497421265, 6.913699388504028, 6.238434553146362, 6.5410425662994385, 17.709664821624756, 4.289006948471069, 5.428586006164551, 8.367412328720093, 10.55117392539978, 4.839853763580322, 7.657904148101807, 6.879725933074951, 5.572743654251099, 4.817948341369629, 9.039690494537354, 6.787931680679321, 6.14832329750061, 7.280379056930542, 4.835297584533691, 6.326595067977905, 6.775867223739624, 4.4579386711120605, 6.1064324378967285, 7.695405721664429, 13.594089269638062, 13.536013126373291, 5.750282049179077, 8.502455234527588, 6.785876512527466, 6.552706480026245, 5.807985305786133, 6.284787654876709, 7.829679727554321, 5.504907846450806, 6.182291269302368, 5.950218915939331, 4.7483601570129395, 15.171612977981567, 7.668168783187866, 7.8536882400512695, 21.44112992286682, 9.495086669921875, 54.83724522590637, 18.076555013656616, 10.67627215385437, 7.3372766971588135, 7.697829961776733, 6.7834625244140625, 7.079904079437256, 6.304297685623169, 6.292277812957764, 6.1958818435668945, 5.660918235778809, 6.590031385421753, 5.86430025100708, 5.185650587081909, 9.194361209869385, 7.952764987945557, 7.97386908531189, 5.371874570846558, 6.043938875198364, 6.740882873535156, 5.293070554733276, 6.433451414108276, 6.8078413009643555, 8.213905334472656, 8.365119457244873, 6.466777563095093, 7.148267984390259, 6.62371039390564, 7.728136301040649, 6.853403329849243, 6.226624011993408, 7.0294506549835205, 9.174667835235596, 6.858854293823242, 5.379074573516846, 6.0693888664245605, 6.224488258361816, 7.419480800628662, 9.751219272613525, 5.600826025009155, 7.940840005874634, 6.90913987159729, 6.055241107940674, 5.7017927169799805, 10.049679040908813, 7.855533123016357, 6.770828723907471, 10.206185340881348, 7.5656514167785645, 6.541261911392212, 5.9652910232543945, 5.584096193313599, 4.842411518096924, 6.43968939781189, 5.080745458602905, 5.087571382522583, 5.067334413528442, 9.422692060470581, 6.737630844116211, 36.31443548202515, 15.092559814453125, 7.690452814102173, 5.2317798137664795, 7.203549861907959, 6.727365493774414, 9.590742826461792, 5.798854827880859, 10.940378189086914, 5.874347686767578, 12.952856540679932, 7.27013897895813, 7.525996446609497, 10.83981466293335, 11.476738214492798, 22.64426851272583, 12.507285594940186, 5.264404535293579, 11.45563292503357, 8.450051307678223, 9.464486360549927, 10.040865421295166, 11.387956857681274, 11.877049684524536, 11.234524965286255, 7.767518758773804, 11.42918872833252, 10.766674995422363, 9.263603687286377, 7.682574033737183, 10.234482288360596, 8.532009363174438, 9.851883172988892, 7.313562870025635, 7.876315116882324, 8.428407430648804, 6.306650400161743, 16.67713475227356, 6.752140522003174, 5.94560980796814, 3.6009395122528076, 8.109017610549927, 8.959680795669556, 6.277497053146362, 8.36424207687378, 7.633742570877075, 6.973487138748169, 6.004019737243652, 15.574908971786499, 12.883883476257324, 9.72181510925293, 6.570759296417236, 9.400029420852661, 6.275181293487549, 11.889837741851807, 7.972405195236206, 4.455016374588013, 7.817078590393066, 12.50798225402832, 5.360252857208252, 30.03973388671875, 6.469562530517578, 6.9624505043029785, 7.100248098373413, 7.837032794952393, 6.9432573318481445, 7.8821563720703125, 10.662269115447998, 25.895406246185303, 9.866379737854004, 7.011906862258911, 9.910440683364868, 12.067145824432373, 14.134962797164917, 18.01966691017151, 8.469837427139282, 5.383401870727539, 9.664531469345093, 18.849567413330078, 8.193074703216553, 5.6734185218811035, 6.854089260101318, 5.816421985626221, 6.173746347427368, 30.023935317993164, 25.484216451644897, 7.279107332229614, 15.232696294784546, 5.869292259216309, 6.659565448760986, 9.159581899642944, 8.707205772399902, 5.935513019561768, 5.71046257019043, 34.29622769355774, 29.423525094985962, 18.5352623462677, 6.624382019042969, 16.436068773269653, 31.561246395111084, 9.167616844177246, 10.302139282226562, 45.55877637863159, 40.95717740058899, 38.539844036102295, 20.43338394165039, 23.831443309783936, 9.8081796169281, 65.87679076194763, 16.429746627807617, 32.12861752510071, 20.898571252822876, 12.589445114135742, 18.792015075683594, 15.463382244110107, 13.442782878875732, 13.480769157409668, 29.4121196269989, 32.033119678497314, 33.39371943473816, 23.896819591522217, 12.360922574996948, 12.576668977737427, 9.951827764511108, 14.004774808883667, 28.10849666595459, 31.32500672340393, 7.205323219299316, 11.377681732177734, 29.383368015289307, 30.117101430892944, 16.293387413024902, 38.591490507125854, 10.760835409164429, 23.149543523788452, 25.29916286468506, 26.26898980140686, 12.000906229019165, 19.29666304588318, 11.57863187789917, 18.798564672470093, 22.81574320793152, 8.632515668869019, 20.557942152023315, 21.661940336227417, 19.861860036849976, 19.061091899871826, 28.15989851951599, 28.97846269607544, 22.788197994232178, 33.38102912902832, 25.265437364578247, 9.365959644317627, 28.144443035125732, 24.20804190635681, 11.3691725730896, 11.121302604675293, 18.879969835281372, 18.93492364883423, 28.86607074737549, 19.045251846313477, 14.542447090148926, 8.161576747894287, 11.265578985214233, 15.781487941741943, 11.026021242141724, 14.622597932815552, 8.73540735244751, 7.8806586265563965, 15.000436544418335, 56.01601266860962, 13.24725341796875, 23.115766763687134, 17.533458948135376, 25.43285846710205, 10.610442638397217, 13.048555135726929, 14.643981218338013, 20.435943126678467, 13.565453052520752, 7.87529993057251, 31.707946300506592, 14.572356224060059, 13.168896198272705, 17.11892294883728, 11.495657682418823, 20.170276403427124, 6.5812087059021, 10.947917938232422, 24.22904348373413, 62.194766998291016, 60.21699094772339, 12.10125732421875, 9.500916242599487, 9.90694522857666, 10.691539287567139, 10.018163681030273, 10.167508125305176, 14.075081586837769, 9.93168330192566, 11.926124572753906, 9.630819320678711, 8.766093492507935, 7.507955312728882, 8.463539600372314, 8.709059715270996, 7.402530670166016, 9.846956253051758, 8.76305627822876, 9.586771726608276, 8.405293941497803, 8.479425191879272, 11.163583278656006, 9.509206533432007, 13.446624279022217, 10.448683023452759, 8.600280284881592, 10.217699527740479, 13.527408599853516, 12.359215259552002, 9.441955327987671, 11.01166296005249, 8.103291511535645, 8.578497648239136, 8.498308181762695, 16.36318063735962, 44.28847146034241, 8.634247541427612, 62.0817437171936, 12.972448348999023, 19.541481018066406, 9.824239730834961, 12.805641651153564, 13.443000316619873, 17.858874082565308, 30.43100905418396, 12.350042343139648, 9.304728984832764, 12.531914949417114, 13.42362928390503, 9.547496795654297, 10.609528064727783, 10.089961528778076, 15.413773775100708, 10.603767156600952, 6.991083145141602, 14.166818857192993, 9.199236154556274, 12.433617115020752, 9.263968467712402, 7.639989376068115, 10.533836841583252, 7.206834077835083, 10.942097187042236, 11.853831052780151, 12.544161319732666, 29.69100046157837, 10.924691438674927]