0.06598520278930664, 0.04387521743774414, 0.049983978271484375, 0.0016632080078125, 0.0418243408203125, 0.03286290168762207, 0.05385923385620117, 0.062364816665649414, 0.040630340576171875, 0.0005867481231689453, 0.001468658447265625, 0.000179290771484375, 0.03740191459655762, 
9.965896606445312e-05, 9.870529174804688e-05, 0.00011372566223144531, 6.389617919921875e-05, 9.5367431640625e-05, 6.67572021484375e-05, 8.678436279296875e-05, 5.6743621826171875e-05, 5.53131103515625e-05, 3.933906555175781e-05, 4.076957702636719e-05, 4.220008850097656e-05, 3.6716461181640625e-05, 
5.030632019042969e-05, 3.7670135498046875e-05, 5.793571472167969e-05, 2.956390380859375e-05, 7.43865966796875e-05, 6.389617919921875e-05, 8.463859558105469e-05, 5.745887756347656e-05, 5.125999450683594e-05, 3.910064697265625e-05, 4.124641418457031e-05, 4.00543212890625e-05, 4.8160552978515625e-05, 
0.00014352798461914062, 9.775161743164062e-05, 0.00015425682067871094, 8.654594421386719e-05, 0.00012922286987304688, 0.00011134147644042969, 0.00011467933654785156, 8.940696716308594e-05, 7.653236389160156e-05, 6.079673767089844e-05, 6.151199340820312e-05, 6.461143493652344e-05, 9.5367431640625e-05, 
5.14984130859375e-05, 3.838539123535156e-05, 5.7697296142578125e-05, 3.719329833984375e-05, 6.341934204101562e-05, 5.435943603515625e-05, 6.461143493652344e-05, 5.602836608886719e-05, 5.0067901611328125e-05, 3.886222839355469e-05, 4.00543212890625e-05, 4.076957702636719e-05, 3.6716461181640625e-05, 
9.775161743164062e-05, 8.082389831542969e-05, 0.00012421607971191406, 6.270408630371094e-05, 9.322166442871094e-05, 7.987022399902344e-05, 8.392333984375e-05, 6.365776062011719e-05, 5.245208740234375e-05, 4.100799560546875e-05, 4.076957702636719e-05, 4.38690185546875e-05, 4.1484832763671875e-05, 
0.00014638900756835938, 9.751319885253906e-05, 0.00015211105346679688, 9.870529174804688e-05, 0.0001392364501953125, 0.00011754035949707031, 0.00011372566223144531, 9.679794311523438e-05, 0.00011610984802246094, 6.532669067382812e-05, 6.246566772460938e-05, 6.628036499023438e-05, 8.273124694824219e-05, 
9.918212890625e-05, 7.510185241699219e-05, 0.00011038780212402344, 6.198883056640625e-05, 0.0001361370086669922, 0.00010919570922851562, 8.702278137207031e-05, 8.535385131835938e-05, 7.62939453125e-05, 6.008148193359375e-05, 6.4849853515625e-05, 6.270408630371094e-05, 7.963180541992188e-05, 
9.751319885253906e-05, 6.914138793945312e-05, 0.00010848045349121094, 5.8650970458984375e-05, 0.00012063980102539062, 0.00010514259338378906, 0.00011515617370605469, 8.559226989746094e-05, 7.843971252441406e-05, 6.270408630371094e-05, 6.175041198730469e-05, 8.368492126464844e-05, 7.05718994140625e-05, 
0.00014090538024902344, 9.846687316894531e-05, 0.00015354156494140625, 8.559226989746094e-05, 8.58306884765625e-05, 7.343292236328125e-05, 8.487701416015625e-05, 5.4836273193359375e-05, 4.863739013671875e-05, 4.649162292480469e-05, 4.1961669921875e-05, 4.100799560546875e-05, 3.647804260253906e-05, 


0.0001506805419921875, 0.00010991096496582031, 0.00016546249389648438, 9.393692016601562e-05, 0.022528409957885742, 0.03466296195983887, 0.01901412010192871, 0.02806711196899414, 
7.104873657226562e-05, 4.9114227294921875e-05, 7.581710815429688e-05, 4.124641418457031e-05, 7.867813110351562e-05, 7.200241088867188e-05, 6.341934204101562e-05, 6.413459777832031e-05, 
7.05718994140625e-05, 5.14984130859375e-05, 7.462501525878906e-05, 4.315376281738281e-05, 8.20159912109375e-05, 5.626678466796875e-05, 5.269050598144531e-05, 5.602836608886719e-05, 
5.555152893066406e-05, 4.792213439941406e-05, 6.890296936035156e-05, 3.3855438232421875e-05, 7.653236389160156e-05, 6.842613220214844e-05, 6.461143493652344e-05, 6.651878356933594e-05, 
6.890296936035156e-05, 4.7206878662109375e-05, 7.414817810058594e-05, 3.933906555175781e-05, 8.177757263183594e-05, 5.269050598144531e-05, 5.245208740234375e-05, 5.6743621826171875e-05, 
7.224082946777344e-05, 5.054473876953125e-05, 7.581710815429688e-05, 4.076957702636719e-05, 7.224082946777344e-05, 6.747245788574219e-05, 6.771087646484375e-05, 6.580352783203125e-05, 
5.5789947509765625e-05, 3.8623809814453125e-05, 5.9604644775390625e-05, 2.956390380859375e-05, 7.224082946777344e-05, 4.839897155761719e-05, 4.887580871582031e-05, 5.245208740234375e-05, 
5.650520324707031e-05, 4.00543212890625e-05, 6.270408630371094e-05, 3.337860107421875e-05, 7.224082946777344e-05, 6.389617919921875e-05, 4.8160552978515625e-05, 5.745887756347656e-05, 
5.626678466796875e-05, 3.981590270996094e-05, 6.151199340820312e-05, 2.956390380859375e-05, 7.128715515136719e-05, 5.054473876953125e-05, 4.982948303222656e-05, 5.173683166503906e-05, 
7.128715515136719e-05, 4.9591064453125e-05, 7.510185241699219e-05, 4.076957702636719e-05, 7.963180541992188e-05, 5.173683166503906e-05, 5.125999450683594e-05, 5.435943603515625e-05, 


0.00013017654418945312, 9.322166442871094e-05, 0.00013828277587890625, 7.939338684082031e-05, 0.0009479522705078125, 0.0001285076141357422, 0.010913610458374023, 0.010816335678100586, 0.02776503562927246, 0.009850025177001953, 0.0006592273712158203, 0.00019788742065429688, 0.023140907287597656, 0.0006613731384277344, 0.01984238624572754, 0.023588180541992188, 0.007104635238647461, 0.029883146286010742, 0.04828214645385742, 0.0002543926239013672, 0.035437822341918945, 0.023264408111572266, 0.0007932186126708984, 0.015621185302734375, 0.030794143676757812, 0.0011043548583984375, 0.006222724914550781, 0.07051968574523926, 0.006401538848876953, 0.004030942916870117, 0.00016045570373535156, 0.00015282630920410156, 0.01296234130859375, 
5.030632019042969e-05, 3.3855438232421875e-05, 5.1975250244140625e-05, 2.765655517578125e-05, 0.00011515617370605469, 5.364418029785156e-05, 8.940696716308594e-05, 7.128715515136719e-05, 7.557868957519531e-05, 9.274482727050781e-05, 7.2479248046875e-05, 6.079673767089844e-05, 7.486343383789062e-05, 6.771087646484375e-05, 7.033348083496094e-05, 9.059906005859375e-05, 7.462501525878906e-05, 8.0108642578125e-05, 8.654594421386719e-05, 7.295608520507812e-05, 7.319450378417969e-05, 7.700920104980469e-05, 6.341934204101562e-05, 6.437301635742188e-05, 7.510185241699219e-05, 7.62939453125e-05, 7.915496826171875e-05, 8.153915405273438e-05, 7.605552673339844e-05, 6.794929504394531e-05, 5.936622619628906e-05, 6.985664367675781e-05, 8.988380432128906e-05, 
0.00010037422180175781, 7.033348083496094e-05, 0.00010657310485839844, 5.793571472167969e-05, 0.00011873245239257812, 5.8650970458984375e-05, 0.00010967254638671875, 6.127357482910156e-05, 6.937980651855469e-05, 6.532669067382812e-05, 6.151199340820312e-05, 5.91278076171875e-05, 7.486343383789062e-05, 5.936622619628906e-05, 6.914138793945312e-05, 7.486343383789062e-05, 7.05718994140625e-05, 7.700920104980469e-05, 8.177757263183594e-05, 7.128715515136719e-05, 7.176399230957031e-05, 7.390975952148438e-05, 6.151199340820312e-05, 6.0558319091796875e-05, 7.367134094238281e-05, 7.224082946777344e-05, 9.679794311523438e-05, 7.605552673339844e-05, 7.295608520507812e-05, 6.556510925292969e-05, 5.817413330078125e-05, 6.628036499023438e-05, 7.176399230957031e-05, 
0.00011491775512695312, 7.581710815429688e-05, 0.00012683868408203125, 6.818771362304688e-05, 0.00012302398681640625, 5.1021575927734375e-05, 8.106231689453125e-05, 6.4849853515625e-05, 7.081031799316406e-05, 6.4849853515625e-05, 6.127357482910156e-05, 6.365776062011719e-05, 7.43865966796875e-05, 6.008148193359375e-05, 6.818771362304688e-05, 7.462501525878906e-05, 7.05718994140625e-05, 7.724761962890625e-05, 8.511543273925781e-05, 7.05718994140625e-05, 6.771087646484375e-05, 7.05718994140625e-05, 5.793571472167969e-05, 5.7220458984375e-05, 7.915496826171875e-05, 7.462501525878906e-05, 7.605552673339844e-05, 7.62939453125e-05, 7.319450378417969e-05, 6.937980651855469e-05, 6.103515625e-05, 7.081031799316406e-05, 7.772445678710938e-05, 
0.00011801719665527344, 7.82012939453125e-05, 0.00012373924255371094, 6.699562072753906e-05, 7.987022399902344e-05, 4.267692565917969e-05, 5.53131103515625e-05, 4.4345855712890625e-05, 4.839897155761719e-05, 4.363059997558594e-05, 3.7670135498046875e-05, 3.337860107421875e-05, 4.1484832763671875e-05, 3.409385681152344e-05, 3.981590270996094e-05, 4.1484832763671875e-05, 3.7670135498046875e-05, 4.076957702636719e-05, 4.887580871582031e-05, 3.981590270996094e-05, 4.839897155761719e-05, 3.7670135498046875e-05, 3.0279159545898438e-05, 3.0279159545898438e-05, 3.5762786865234375e-05, 3.314018249511719e-05, 5.793571472167969e-05, 3.552436828613281e-05, 3.62396240234375e-05, 3.147125244140625e-05, 2.7418136596679688e-05, 3.170967102050781e-05, 3.7670135498046875e-05, 
9.965896606445312e-05, 6.890296936035156e-05, 0.00010704994201660156, 5.7697296142578125e-05, 0.00012135505676269531, 5.841255187988281e-05, 7.581710815429688e-05, 6.318092346191406e-05, 6.723403930664062e-05, 0.00010323524475097656, 6.628036499023438e-05, 5.888938903808594e-05, 8.130073547363281e-05, 6.508827209472656e-05, 7.462501525878906e-05, 7.510185241699219e-05, 7.033348083496094e-05, 8.440017700195312e-05, 8.273124694824219e-05, 7.081031799316406e-05, 7.033348083496094e-05, 7.271766662597656e-05, 6.532669067382812e-05, 6.628036499023438e-05, 7.581710815429688e-05, 8.0108642578125e-05, 7.843971252441406e-05, 8.106231689453125e-05, 7.343292236328125e-05, 6.604194641113281e-05, 7.367134094238281e-05, 7.224082946777344e-05, 8.058547973632812e-05, 
0.00010085105895996094, 6.818771362304688e-05, 0.00010585784912109375, 5.7697296142578125e-05, 0.00010251998901367188, 6.961822509765625e-05, 7.700920104980469e-05, 6.318092346191406e-05, 6.842613220214844e-05, 6.556510925292969e-05, 6.0558319091796875e-05, 6.031990051269531e-05, 7.581710815429688e-05, 6.0558319091796875e-05, 6.866455078125e-05, 7.62939453125e-05, 7.104873657226562e-05, 7.82012939453125e-05, 8.273124694824219e-05, 7.200241088867188e-05, 7.128715515136719e-05, 7.271766662597656e-05, 6.079673767089844e-05, 6.103515625e-05, 7.43865966796875e-05, 7.510185241699219e-05, 7.677078247070312e-05, 7.796287536621094e-05, 7.414817810058594e-05, 6.604194641113281e-05, 5.817413330078125e-05, 6.747245788574219e-05, 7.343292236328125e-05, 
9.918212890625e-05, 7.581710815429688e-05, 0.00011134147644042969, 6.198883056640625e-05, 0.00011348724365234375, 5.602836608886719e-05, 7.796287536621094e-05, 6.437301635742188e-05, 7.700920104980469e-05, 6.532669067382812e-05, 6.437301635742188e-05, 5.602836608886719e-05, 6.651878356933594e-05, 5.9604644775390625e-05, 6.556510925292969e-05, 7.295608520507812e-05, 6.794929504394531e-05, 0.00011014938354492188, 0.00011897087097167969, 0.00010895729064941406, 0.00010442733764648438, 0.00011277198791503906, 0.00010466575622558594, 8.463859558105469e-05, 0.0001049041748046875, 0.0001068115234375, 8.177757263183594e-05, 7.796287536621094e-05, 7.343292236328125e-05, 6.556510925292969e-05, 5.888938903808594e-05, 6.866455078125e-05, 8.344650268554688e-05, 
0.00010180473327636719, 6.914138793945312e-05, 0.000110626220703125, 5.8650970458984375e-05, 8.559226989746094e-05, 5.078315734863281e-05, 7.772445678710938e-05, 6.365776062011719e-05, 6.890296936035156e-05, 6.246566772460938e-05, 6.127357482910156e-05, 5.91278076171875e-05, 8.249282836914062e-05, 5.984306335449219e-05, 6.890296936035156e-05, 7.43865966796875e-05, 0.00010085105895996094, 7.796287536621094e-05, 0.00010442733764648438, 7.128715515136719e-05, 6.866455078125e-05, 7.128715515136719e-05, 7.891654968261719e-05, 5.91278076171875e-05, 7.62939453125e-05, 7.367134094238281e-05, 7.772445678710938e-05, 7.891654968261719e-05, 7.295608520507812e-05, 6.651878356933594e-05, 5.841255187988281e-05, 6.556510925292969e-05, 7.653236389160156e-05, 
0.00010085105895996094, 6.985664367675781e-05, 0.0001087188720703125, 5.888938903808594e-05, 0.00011444091796875, 5.435943603515625e-05, 7.939338684082031e-05, 9.560585021972656e-05, 7.152557373046875e-05, 6.4849853515625e-05, 6.222724914550781e-05, 6.127357482910156e-05, 8.535385131835938e-05, 6.079673767089844e-05, 0.00010800361633300781, 0.00010538101196289062, 8.606910705566406e-05, 0.00011038780212402344, 0.0001125335693359375, 0.00016260147094726562, 9.584426879882812e-05, 9.72747802734375e-05, 8.058547973632812e-05, 8.0108642578125e-05, 9.918212890625e-05, 9.799003601074219e-05, 0.00010085105895996094, 0.00010132789611816406, 9.632110595703125e-05, 8.58306884765625e-05, 7.700920104980469e-05, 9.250640869140625e-05, 0.0001227855682373047, 


0.0001900196075439453, 0.0001468658447265625, 0.00020599365234375, 0.0001373291015625, 0.010170936584472656, 0.000179290771484375, 0.016396284103393555, 0.03237795829772949, 0.03589797019958496, 0.00019073486328125, 0.04669070243835449, 0.015031099319458008, 0.00021028518676757812, 0.01570916175842285, 0.021075963973999023, 0.010741949081420898, 0.0006101131439208984, 0.016393184661865234, 0.02926492691040039, 0.0001423358917236328, 0.0007395744323730469, 0.00508570671081543, 0.019147157669067383, 0.016297101974487305, 0.01766347885131836, 0.01833653450012207, 0.024594783782958984, 0.037018537521362305, 0.014027833938598633, 0.0001480579376220703, 
4.935264587402344e-05, 3.743171691894531e-05, 5.364418029785156e-05, 2.9087066650390625e-05, 8.344650268554688e-05, 5.745887756347656e-05, 5.0067901611328125e-05, 5.817413330078125e-05, 5.7697296142578125e-05, 5.078315734863281e-05, 5.793571472167969e-05, 4.1484832763671875e-05, 5.030632019042969e-05, 4.3392181396484375e-05, 4.601478576660156e-05, 5.1975250244140625e-05, 5.0067901611328125e-05, 4.935264587402344e-05, 5.507469177246094e-05, 3.6716461181640625e-05, 3.933906555175781e-05, 4.363059997558594e-05, 4.172325134277344e-05, 4.744529724121094e-05, 4.57763671875e-05, 4.673004150390625e-05, 3.719329833984375e-05, 3.9577484130859375e-05, 3.0517578125e-05, 2.5033950805664062e-05, 
0.00014519691467285156, 9.942054748535156e-05, 0.0001513957977294922, 8.702278137207031e-05, 0.0001068115234375, 8.463859558105469e-05, 7.343292236328125e-05, 8.0108642578125e-05, 8.7738037109375e-05, 6.914138793945312e-05, 7.700920104980469e-05, 6.198883056640625e-05, 9.5367431640625e-05, 6.198883056640625e-05, 6.842613220214844e-05, 7.081031799316406e-05, 7.343292236328125e-05, 7.009506225585938e-05, 8.082389831542969e-05, 5.53131103515625e-05, 6.103515625e-05, 6.985664367675781e-05, 6.723403930664062e-05, 6.985664367675781e-05, 7.367134094238281e-05, 7.557868957519531e-05, 7.176399230957031e-05, 7.510185241699219e-05, 8.606910705566406e-05, 9.107589721679688e-05, 
4.935264587402344e-05, 3.552436828613281e-05, 5.316734313964844e-05, 3.075599670410156e-05, 8.392333984375e-05, 7.581710815429688e-05, 6.031990051269531e-05, 6.818771362304688e-05, 7.176399230957031e-05, 5.125999450683594e-05, 5.2928924560546875e-05, 4.291534423828125e-05, 4.696846008300781e-05, 5.698204040527344e-05, 4.553794860839844e-05, 5.078315734863281e-05, 4.9114227294921875e-05, 4.8160552978515625e-05, 5.8650970458984375e-05, 5.340576171875e-05, 4.506111145019531e-05, 4.4345855712890625e-05, 4.38690185546875e-05, 4.315376281738281e-05, 4.792213439941406e-05, 4.076957702636719e-05, 3.6716461181640625e-05, 3.790855407714844e-05, 3.0517578125e-05, 2.8371810913085938e-05, 
4.863739013671875e-05, 3.361701965332031e-05, 5.412101745605469e-05, 2.7418136596679688e-05, 0.00010037422180175781, 7.009506225585938e-05, 6.318092346191406e-05, 6.532669067382812e-05, 6.723403930664062e-05, 6.413459777832031e-05, 5.1975250244140625e-05, 4.124641418457031e-05, 4.553794860839844e-05, 3.9577484130859375e-05, 4.506111145019531e-05, 4.7206878662109375e-05, 5.14984130859375e-05, 4.7206878662109375e-05, 5.459785461425781e-05, 3.6716461181640625e-05, 3.886222839355469e-05, 4.291534423828125e-05, 4.172325134277344e-05, 4.291534423828125e-05, 4.1484832763671875e-05, 4.00543212890625e-05, 3.814697265625e-05, 3.886222839355469e-05, 3.123283386230469e-05, 3.123283386230469e-05, 
5.6743621826171875e-05, 4.315376281738281e-05, 6.318092346191406e-05, 3.0040740966796875e-05, 8.177757263183594e-05, 7.462501525878906e-05, 6.031990051269531e-05, 6.771087646484375e-05, 7.104873657226562e-05, 5.173683166503906e-05, 5.602836608886719e-05, 4.291534423828125e-05, 4.7206878662109375e-05, 4.172325134277344e-05, 4.482269287109375e-05, 4.673004150390625e-05, 4.673004150390625e-05, 4.744529724121094e-05, 5.459785461425781e-05, 4.00543212890625e-05, 4.3392181396484375e-05, 4.363059997558594e-05, 4.744529724121094e-05, 4.887580871582031e-05, 4.506111145019531e-05, 4.5299530029296875e-05, 4.601478576660156e-05, 4.506111145019531e-05, 3.504753112792969e-05, 3.075599670410156e-05, 
4.9114227294921875e-05, 3.719329833984375e-05, 6.246566772460938e-05, 3.075599670410156e-05, 0.00012731552124023438, 0.00010561943054199219, 9.775161743164062e-05, 0.00010204315185546875, 0.00010395050048828125, 7.2479248046875e-05, 8.273124694824219e-05, 6.604194641113281e-05, 7.152557373046875e-05, 6.604194641113281e-05, 6.985664367675781e-05, 7.557868957519531e-05, 8.249282836914062e-05, 7.200241088867188e-05, 0.00011682510375976562, 6.127357482910156e-05, 8.177757263183594e-05, 6.961822509765625e-05, 6.794929504394531e-05, 7.367134094238281e-05, 7.295608520507812e-05, 7.081031799316406e-05, 6.890296936035156e-05, 7.343292236328125e-05, 6.031990051269531e-05, 5.364418029785156e-05, 
4.935264587402344e-05, 4.100799560546875e-05, 5.364418029785156e-05, 3.4809112548828125e-05, 0.00013017654418945312, 0.000110626220703125, 9.179115295410156e-05, 0.00010180473327636719, 0.00011181831359863281, 0.00010204315185546875, 0.00010371208190917969, 8.487701416015625e-05, 0.00010132789611816406, 8.58306884765625e-05, 9.202957153320312e-05, 9.894371032714844e-05, 0.00010204315185546875, 9.989738464355469e-05, 0.00011014938354492188, 7.700920104980469e-05, 5.984306335449219e-05, 6.985664367675781e-05, 6.67572021484375e-05, 7.009506225585938e-05, 7.510185241699219e-05, 7.43865966796875e-05, 7.033348083496094e-05, 7.581710815429688e-05, 6.175041198730469e-05, 5.650520324707031e-05, 
5.650520324707031e-05, 3.9577484130859375e-05, 6.103515625e-05, 3.314018249511719e-05, 8.869171142578125e-05, 5.626678466796875e-05, 4.887580871582031e-05, 5.435943603515625e-05, 5.459785461425781e-05, 6.890296936035156e-05, 7.724761962890625e-05, 6.365776062011719e-05, 8.606910705566406e-05, 6.4849853515625e-05, 7.510185241699219e-05, 7.319450378417969e-05, 7.295608520507812e-05, 6.961822509765625e-05, 7.843971252441406e-05, 5.53131103515625e-05, 5.984306335449219e-05, 6.914138793945312e-05, 6.866455078125e-05, 7.009506225585938e-05, 9.441375732421875e-05, 7.510185241699219e-05, 7.224082946777344e-05, 7.796287536621094e-05, 6.365776062011719e-05, 5.7220458984375e-05, 
4.863739013671875e-05, 3.743171691894531e-05, 6.0558319091796875e-05, 3.409385681152344e-05, 9.107589721679688e-05, 6.4849853515625e-05, 5.650520324707031e-05, 6.651878356933594e-05, 6.699562072753906e-05, 6.961822509765625e-05, 6.961822509765625e-05, 5.698204040527344e-05, 5.364418029785156e-05, 5.555152893066406e-05, 4.291534423828125e-05, 4.6253204345703125e-05, 4.5299530029296875e-05, 4.315376281738281e-05, 4.863739013671875e-05, 3.24249267578125e-05, 3.528594970703125e-05, 3.9577484130859375e-05, 4.863739013671875e-05, 4.0531158447265625e-05, 4.0531158447265625e-05, 3.814697265625e-05, 3.5762786865234375e-05, 3.6716461181640625e-05, 2.9325485229492188e-05, 2.5510787963867188e-05, 


0.00018930435180664062, 0.00015354156494140625, 0.0002067089080810547, 0.0001163482666015625, 0.016209125518798828, 0.03603839874267578, 0.03406262397766113, 0.00018477439880371094, 0.006619691848754883, 0.015471935272216797, 0.016237735748291016, 0.021152257919311523, 0.020991802215576172, 0.01716303825378418, 0.024683475494384766, 
5.698204040527344e-05, 3.719329833984375e-05, 6.008148193359375e-05, 3.1948089599609375e-05, 0.00012111663818359375, 7.62939453125e-05, 5.936622619628906e-05, 5.53131103515625e-05, 5.7220458984375e-05, 4.935264587402344e-05, 5.269050598144531e-05, 6.151199340820312e-05, 4.267692565917969e-05, 5.173683166503906e-05, 5.269050598144531e-05, 
5.650520324707031e-05, 3.981590270996094e-05, 6.318092346191406e-05, 3.361701965332031e-05, 0.00010275840759277344, 6.198883056640625e-05, 6.937980651855469e-05, 5.507469177246094e-05, 5.459785461425781e-05, 4.9114227294921875e-05, 4.601478576660156e-05, 5.14984130859375e-05, 4.1484832763671875e-05, 5.054473876953125e-05, 6.127357482910156e-05, 
4.744529724121094e-05, 3.409385681152344e-05, 5.340576171875e-05, 2.7418136596679688e-05, 0.00010395050048828125, 8.368492126464844e-05, 7.271766662597656e-05, 7.939338684082031e-05, 5.7697296142578125e-05, 4.935264587402344e-05, 4.7206878662109375e-05, 5.555152893066406e-05, 4.172325134277344e-05, 4.9114227294921875e-05, 4.839897155761719e-05, 
7.009506225585938e-05, 5.1975250244140625e-05, 7.796287536621094e-05, 4.100799560546875e-05, 0.00012493133544921875, 7.390975952148438e-05, 0.00011897087097167969, 5.53131103515625e-05, 5.4836273193359375e-05, 4.6253204345703125e-05, 4.696846008300781e-05, 5.316734313964844e-05, 4.2438507080078125e-05, 5.0067901611328125e-05, 5.1021575927734375e-05, 
5.030632019042969e-05, 4.100799560546875e-05, 5.412101745605469e-05, 3.457069396972656e-05, 0.0001201629638671875, 7.772445678710938e-05, 7.200241088867188e-05, 8.273124694824219e-05, 6.651878356933594e-05, 6.246566772460938e-05, 6.222724914550781e-05, 6.604194641113281e-05, 5.340576171875e-05, 6.318092346191406e-05, 5.412101745605469e-05, 
7.200241088867188e-05, 5.1021575927734375e-05, 7.700920104980469e-05, 4.124641418457031e-05, 0.00015211105346679688, 9.775161743164062e-05, 0.00010728836059570312, 0.00010251998901367188, 0.00011539459228515625, 9.822845458984375e-05, 0.000118255615234375, 0.00011563301086425781, 0.00010633468627929688, 0.00010967254638671875, 8.606910705566406e-05, 
5.745887756347656e-05, 4.029273986816406e-05, 6.198883056640625e-05, 3.24249267578125e-05, 0.00010156631469726562, 6.556510925292969e-05, 6.246566772460938e-05, 7.390975952148438e-05, 6.771087646484375e-05, 6.341934204101562e-05, 6.437301635742188e-05, 6.556510925292969e-05, 5.245208740234375e-05, 6.29425048828125e-05, 5.459785461425781e-05, 
7.2479248046875e-05, 4.673004150390625e-05, 7.486343383789062e-05, 4.100799560546875e-05, 0.000102996826171875, 5.817413330078125e-05, 4.9114227294921875e-05, 5.14984130859375e-05, 5.316734313964844e-05, 4.5299530029296875e-05, 4.458427429199219e-05, 5.173683166503906e-05, 3.9577484130859375e-05, 5.364418029785156e-05, 4.482269287109375e-05, 
4.935264587402344e-05, 3.647804260253906e-05, 6.127357482910156e-05, 3.266334533691406e-05, 0.000118255615234375, 6.985664367675781e-05, 6.151199340820312e-05, 5.7220458984375e-05, 5.364418029785156e-05, 4.839897155761719e-05, 4.792213439941406e-05, 5.078315734863281e-05, 4.363059997558594e-05, 4.982948303222656e-05, 5.340576171875e-05, 


0.00018548965454101562, 0.0001227855682373047, 0.0001895427703857422, 0.00010609626770019531, 0.01628398895263672, 0.01240229606628418, 0.00018930435180664062, 0.000209808349609375, 0.059615135192871094, 0.01374673843383789, 0.02195119857788086, 0.000186920166015625, 0.0006153583526611328, 0.0002117156982421875, 0.0004367828369140625, 0.023392438888549805, 0.025079011917114258, 0.02747654914855957, 0.0001556873321533203, 0.017154932022094727, 0.025324583053588867, 0.022901058197021484, 0.0001571178436279297, 0.021744251251220703, 9.083747863769531e-05, 0.014255046844482422, 0.012401342391967773, 0.0001628398895263672, 0.03196001052856445, 0.02890491485595703, 0.017028093338012695, 0.011085987091064453, 0.0293426513671875, 0.022121429443359375, 
9.989738464355469e-05, 6.961822509765625e-05, 0.00010919570922851562, 5.888938903808594e-05, 0.00010204315185546875, 8.7738037109375e-05, 6.0558319091796875e-05, 6.413459777832031e-05, 4.601478576660156e-05, 4.220008850097656e-05, 4.100799560546875e-05, 3.337860107421875e-05, 3.409385681152344e-05, 3.719329833984375e-05, 3.814697265625e-05, 3.910064697265625e-05, 3.4332275390625e-05, 3.790855407714844e-05, 2.9087066650390625e-05, 3.170967102050781e-05, 3.4332275390625e-05, 3.933906555175781e-05, 2.3603439331054688e-05, 3.4332275390625e-05, 2.4080276489257812e-05, 3.600120544433594e-05, 3.0279159545898438e-05, 2.86102294921875e-05, 3.361701965332031e-05, 3.266334533691406e-05, 3.2901763916015625e-05, 3.719329833984375e-05, 3.218650817871094e-05, 3.600120544433594e-05, 
9.870529174804688e-05, 7.05718994140625e-05, 0.00010895729064941406, 5.9604644775390625e-05, 6.437301635742188e-05, 5.698204040527344e-05, 5.364418029785156e-05, 5.817413330078125e-05, 4.982948303222656e-05, 4.649162292480469e-05, 5.8650970458984375e-05, 5.14984130859375e-05, 4.315376281738281e-05, 4.744529724121094e-05, 4.887580871582031e-05, 5.221366882324219e-05, 3.814697265625e-05, 3.62396240234375e-05, 2.9325485229492188e-05, 3.123283386230469e-05, 3.361701965332031e-05, 3.9577484130859375e-05, 2.4318695068359375e-05, 3.337860107421875e-05, 2.4080276489257812e-05, 3.528594970703125e-05, 3.0517578125e-05, 3.0040740966796875e-05, 3.147125244140625e-05, 3.170967102050781e-05, 4.8160552978515625e-05, 4.124641418457031e-05, 3.600120544433594e-05, 3.743171691894531e-05, 
0.0001010894775390625, 6.985664367675781e-05, 0.00011038780212402344, 5.984306335449219e-05, 6.937980651855469e-05, 6.008148193359375e-05, 4.863739013671875e-05, 5.1021575927734375e-05, 5.030632019042969e-05, 4.76837158203125e-05, 4.363059997558594e-05, 3.7670135498046875e-05, 3.552436828613281e-05, 3.6716461181640625e-05, 3.9577484130859375e-05, 4.172325134277344e-05, 3.719329833984375e-05, 3.790855407714844e-05, 2.9087066650390625e-05, 3.123283386230469e-05, 3.647804260253906e-05, 4.076957702636719e-05, 2.6464462280273438e-05, 3.6716461181640625e-05, 2.6702880859375e-05, 3.886222839355469e-05, 3.337860107421875e-05, 3.123283386230469e-05, 3.552436828613281e-05, 3.528594970703125e-05, 3.528594970703125e-05, 3.814697265625e-05, 3.5762786865234375e-05, 3.790855407714844e-05, 
0.00010323524475097656, 7.700920104980469e-05, 0.00011920928955078125, 6.389617919921875e-05, 0.0001049041748046875, 0.00011754035949707031, 7.43865966796875e-05, 7.605552673339844e-05, 7.2479248046875e-05, 7.2479248046875e-05, 7.390975952148438e-05, 6.413459777832031e-05, 5.9604644775390625e-05, 6.222724914550781e-05, 7.033348083496094e-05, 7.390975952148438e-05, 6.842613220214844e-05, 7.05718994140625e-05, 5.817413330078125e-05, 6.079673767089844e-05, 6.842613220214844e-05, 8.20159912109375e-05, 7.462501525878906e-05, 7.677078247070312e-05, 5.841255187988281e-05, 0.00011229515075683594, 6.937980651855469e-05, 9.202957153320312e-05, 7.796287536621094e-05, 8.416175842285156e-05, 7.319450378417969e-05, 7.796287536621094e-05, 6.937980651855469e-05, 0.00010967254638671875, 
0.00011849403381347656, 8.20159912109375e-05, 0.00011348724365234375, 6.341934204101562e-05, 8.630752563476562e-05, 8.0108642578125e-05, 7.486343383789062e-05, 7.796287536621094e-05, 7.557868957519531e-05, 7.43865966796875e-05, 7.486343383789062e-05, 6.628036499023438e-05, 6.151199340820312e-05, 6.794929504394531e-05, 7.176399230957031e-05, 7.62939453125e-05, 6.747245788574219e-05, 7.128715515136719e-05, 5.745887756347656e-05, 6.103515625e-05, 6.747245788574219e-05, 7.772445678710938e-05, 5.173683166503906e-05, 6.914138793945312e-05, 5.316734313964844e-05, 7.224082946777344e-05, 6.437301635742188e-05, 6.151199340820312e-05, 6.532669067382812e-05, 6.794929504394531e-05, 6.771087646484375e-05, 7.43865966796875e-05, 6.699562072753906e-05, 7.224082946777344e-05, 
0.0001456737518310547, 0.00010156631469726562, 0.00015926361083984375, 8.678436279296875e-05, 6.747245788574219e-05, 5.888938903808594e-05, 4.9114227294921875e-05, 5.173683166503906e-05, 4.935264587402344e-05, 4.792213439941406e-05, 4.458427429199219e-05, 3.790855407714844e-05, 3.4332275390625e-05, 3.504753112792969e-05, 3.8623809814453125e-05, 4.124641418457031e-05, 3.62396240234375e-05, 3.552436828613281e-05, 2.7179718017578125e-05, 2.8848648071289062e-05, 3.314018249511719e-05, 3.838539123535156e-05, 2.574920654296875e-05, 5.1021575927734375e-05, 3.647804260253906e-05, 4.00543212890625e-05, 3.4809112548828125e-05, 3.0517578125e-05, 3.504753112792969e-05, 3.647804260253906e-05, 3.314018249511719e-05, 3.695487976074219e-05, 3.409385681152344e-05, 3.719329833984375e-05, 
9.822845458984375e-05, 6.985664367675781e-05, 0.00011014938354492188, 6.031990051269531e-05, 9.1552734375e-05, 7.915496826171875e-05, 7.534027099609375e-05, 8.20159912109375e-05, 7.748603820800781e-05, 7.653236389160156e-05, 7.724761962890625e-05, 6.67572021484375e-05, 5.984306335449219e-05, 6.222724914550781e-05, 7.128715515136719e-05, 7.271766662597656e-05, 6.842613220214844e-05, 7.152557373046875e-05, 6.723403930664062e-05, 6.937980651855469e-05, 7.486343383789062e-05, 8.249282836914062e-05, 5.698204040527344e-05, 7.510185241699219e-05, 5.698204040527344e-05, 8.225440979003906e-05, 8.726119995117188e-05, 6.4849853515625e-05, 6.699562072753906e-05, 6.937980651855469e-05, 6.985664367675781e-05, 7.581710815429688e-05, 0.000102996826171875, 7.843971252441406e-05, 
0.00011038780212402344, 7.224082946777344e-05, 0.00011396408081054688, 6.175041198730469e-05, 6.151199340820312e-05, 5.4836273193359375e-05, 4.744529724121094e-05, 5.125999450683594e-05, 4.792213439941406e-05, 5.0067901611328125e-05, 4.315376281738281e-05, 3.7670135498046875e-05, 3.790855407714844e-05, 4.029273986816406e-05, 3.838539123535156e-05, 4.0531158447265625e-05, 3.361701965332031e-05, 3.457069396972656e-05, 2.7894973754882812e-05, 3.0040740966796875e-05, 3.528594970703125e-05, 4.00543212890625e-05, 2.5272369384765625e-05, 3.528594970703125e-05, 2.5510787963867188e-05, 3.6716461181640625e-05, 3.457069396972656e-05, 3.075599670410156e-05, 3.5762786865234375e-05, 3.337860107421875e-05, 3.24249267578125e-05, 3.6716461181640625e-05, 3.218650817871094e-05, 3.552436828613281e-05, 
0.00011587142944335938, 8.106231689453125e-05, 0.00012731552124023438, 6.866455078125e-05, 8.845329284667969e-05, 8.130073547363281e-05, 7.200241088867188e-05, 7.462501525878906e-05, 7.176399230957031e-05, 7.939338684082031e-05, 7.677078247070312e-05, 6.723403930664062e-05, 6.365776062011719e-05, 6.890296936035156e-05, 8.511543273925781e-05, 8.96453857421875e-05, 6.961822509765625e-05, 7.152557373046875e-05, 6.008148193359375e-05, 6.341934204101562e-05, 7.104873657226562e-05, 7.987022399902344e-05, 5.841255187988281e-05, 8.058547973632812e-05, 5.888938903808594e-05, 8.463859558105469e-05, 7.367134094238281e-05, 8.273124694824219e-05, 8.368492126464844e-05, 7.677078247070312e-05, 7.200241088867188e-05, 7.700920104980469e-05, 6.937980651855469e-05, 7.581710815429688e-05, 


0.00015807151794433594, 0.0001285076141357422, 0.0003237724304199219, 0.0001316070556640625, 
0.00014662742614746094, 0.00010156631469726562, 0.00016570091247558594, 8.463859558105469e-05, 
0.00014662742614746094, 0.00010204315185546875, 0.0001537799835205078, 8.726119995117188e-05, 
0.00011467933654785156, 8.106231689453125e-05, 0.0001266002655029297, 6.842613220214844e-05, 
0.00011491775512695312, 7.581710815429688e-05, 0.00011014938354492188, 6.222724914550781e-05, 
5.5789947509765625e-05, 4.076957702636719e-05, 6.198883056640625e-05, 3.409385681152344e-05, 
9.655952453613281e-05, 7.534027099609375e-05, 0.00010895729064941406, 6.0558319091796875e-05, 
5.698204040527344e-05, 4.315376281738281e-05, 6.222724914550781e-05, 3.528594970703125e-05, 
9.751319885253906e-05, 7.2479248046875e-05, 0.00010752677917480469, 5.793571472167969e-05, 
9.72747802734375e-05, 7.009506225585938e-05, 0.00010561943054199219, 6.389617919921875e-05, 


0.00010585784912109375, 9.465217590332031e-05, 0.00011348724365234375, 6.270408630371094e-05, 
0.00010800361633300781, 0.00010132789611816406, 0.00011229515075683594, 6.461143493652344e-05, 
6.4849853515625e-05, 5.412101745605469e-05, 7.963180541992188e-05, 4.291534423828125e-05, 
0.00010657310485839844, 8.678436279296875e-05, 0.00011301040649414062, 7.05718994140625e-05, 
0.00010848045349121094, 0.00010085105895996094, 0.0001552104949951172, 8.630752563476562e-05, 
0.00010752677917480469, 9.560585021972656e-05, 0.00011610984802246094, 6.437301635742188e-05, 
0.00010728836059570312, 0.0001068115234375, 0.00015783309936523438, 8.940696716308594e-05, 
0.00010848045349121094, 9.322166442871094e-05, 0.00012183189392089844, 6.580352783203125e-05, 
0.00010800361633300781, 9.274482727050781e-05, 0.00011372566223144531, 7.128715515136719e-05, 
6.651878356933594e-05, 5.817413330078125e-05, 8.296966552734375e-05, 4.1484832763671875e-05, 


0.0001957416534423828, 0.000148773193359375, 0.00021409988403320312, 0.00011992454528808594, 0.050192832946777344, 0.0002415180206298828, 0.0009644031524658203, 0.03695988655090332, 0.016820430755615234, 
0.00015163421630859375, 9.942054748535156e-05, 0.00015783309936523438, 8.606910705566406e-05, 9.179115295410156e-05, 7.748603820800781e-05, 8.678436279296875e-05, 0.00010180473327636719, 8.702278137207031e-05, 
0.00010037422180175781, 7.557868957519531e-05, 0.00011086463928222656, 6.222724914550781e-05, 0.00010704994201660156, 9.608268737792969e-05, 6.532669067382812e-05, 8.225440979003906e-05, 6.580352783203125e-05, 
7.081031799316406e-05, 4.9591064453125e-05, 7.557868957519531e-05, 4.124641418457031e-05, 0.00012373924255371094, 9.942054748535156e-05, 6.508827209472656e-05, 7.390975952148438e-05, 6.413459777832031e-05, 
9.846687316894531e-05, 7.534027099609375e-05, 0.00011086463928222656, 6.270408630371094e-05, 9.036064147949219e-05, 7.915496826171875e-05, 6.580352783203125e-05, 7.414817810058594e-05, 6.508827209472656e-05, 
0.00015115737915039062, 0.00010037422180175781, 0.00015926361083984375, 7.152557373046875e-05, 0.00011277198791503906, 0.00010037422180175781, 8.440017700195312e-05, 9.918212890625e-05, 8.630752563476562e-05, 
6.365776062011719e-05, 4.601478576660156e-05, 9.107589721679688e-05, 4.220008850097656e-05, 0.00011038780212402344, 0.00010037422180175781, 6.532669067382812e-05, 7.2479248046875e-05, 6.651878356933594e-05, 
0.00010085105895996094, 6.103515625e-05, 9.202957153320312e-05, 5.054473876953125e-05, 0.00010776519775390625, 0.00010824203491210938, 6.29425048828125e-05, 6.866455078125e-05, 6.0558319091796875e-05, 
6.651878356933594e-05, 4.744529724121094e-05, 6.437301635742188e-05, 3.933906555175781e-05, 0.00011873245239257812, 0.00010538101196289062, 6.198883056640625e-05, 6.842613220214844e-05, 6.318092346191406e-05, 
9.894371032714844e-05, 7.677078247070312e-05, 0.0001266002655029297, 6.914138793945312e-05, 8.487701416015625e-05, 7.700920104980469e-05, 6.222724914550781e-05, 6.842613220214844e-05, 6.151199340820312e-05, 


0.0001876354217529297, 0.00014090538024902344, 0.00020933151245117188, 0.00011849403381347656, 
7.271766662597656e-05, 4.982948303222656e-05, 7.677078247070312e-05, 4.363059997558594e-05, 
5.555152893066406e-05, 4.029273986816406e-05, 5.5789947509765625e-05, 2.9325485229492188e-05, 
7.104873657226562e-05, 4.9114227294921875e-05, 7.343292236328125e-05, 4.100799560546875e-05, 
4.863739013671875e-05, 3.5762786865234375e-05, 5.3882598876953125e-05, 2.9802322387695312e-05, 
5.7220458984375e-05, 4.029273986816406e-05, 6.198883056640625e-05, 2.956390380859375e-05, 
4.76837158203125e-05, 3.3855438232421875e-05, 5.14984130859375e-05, 2.7418136596679688e-05, 
5.745887756347656e-05, 4.029273986816406e-05, 5.459785461425781e-05, 3.0040740966796875e-05, 
7.081031799316406e-05, 4.744529724121094e-05, 7.557868957519531e-05, 4.4345855712890625e-05, 
7.05718994140625e-05, 4.839897155761719e-05, 7.605552673339844e-05, 3.981590270996094e-05, 


0.00010609626770019531, 7.414817810058594e-05, 0.00011277198791503906, 6.246566772460938e-05, 0.022903919219970703, 0.032216548919677734, 0.030997514724731445, 0.0007424354553222656, 0.035398006439208984, 0.0007779598236083984, 0.01770329475402832, 0.00015354156494140625, 0.019482135772705078, 0.0317232608795166, 0.016858816146850586, 0.04428362846374512, 0.01857924461364746, 0.020493507385253906, 0.02142190933227539, 0.02067089080810547, 0.029712200164794922, 0.037186622619628906, 0.0005116462707519531, 0.03913307189941406, 0.00017523765563964844, 0.00661778450012207, 0.036630868911743164, 0.035326242446899414, 0.0327451229095459, 0.03796219825744629, 0.03189420700073242, 0.02297186851501465, 0.00043773651123046875, 0.019798755645751953, 0.03501415252685547, 0.023040771484375, 0.00011205673217773438, 0.028805017471313477, 0.03459286689758301, 
5.6743621826171875e-05, 3.910064697265625e-05, 5.435943603515625e-05, 2.9325485229492188e-05, 8.20159912109375e-05, 6.914138793945312e-05, 7.05718994140625e-05, 5.626678466796875e-05, 6.604194641113281e-05, 5.435943603515625e-05, 6.723403930664062e-05, 5.14984130859375e-05, 6.437301635742188e-05, 6.341934204101562e-05, 7.271766662597656e-05, 6.127357482910156e-05, 6.103515625e-05, 5.555152893066406e-05, 5.841255187988281e-05, 5.340576171875e-05, 5.841255187988281e-05, 7.128715515136719e-05, 6.413459777832031e-05, 6.699562072753906e-05, 3.838539123535156e-05, 3.7670135498046875e-05, 6.270408630371094e-05, 5.841255187988281e-05, 5.054473876953125e-05, 4.5299530029296875e-05, 4.7206878662109375e-05, 4.6253204345703125e-05, 3.4809112548828125e-05, 3.981590270996094e-05, 3.814697265625e-05, 4.100799560546875e-05, 3.0279159545898438e-05, 3.4332275390625e-05, 4.0531158447265625e-05, 
0.00014066696166992188, 0.00010180473327636719, 0.0001552104949951172, 8.702278137207031e-05, 8.654594421386719e-05, 8.106231689453125e-05, 8.082389831542969e-05, 6.389617919921875e-05, 7.700920104980469e-05, 6.556510925292969e-05, 6.580352783203125e-05, 5.698204040527344e-05, 7.677078247070312e-05, 7.462501525878906e-05, 7.653236389160156e-05, 7.748603820800781e-05, 6.890296936035156e-05, 7.152557373046875e-05, 6.771087646484375e-05, 7.05718994140625e-05, 0.00010657310485839844, 0.00011420249938964844, 8.916854858398438e-05, 7.987022399902344e-05, 5.650520324707031e-05, 5.5789947509765625e-05, 8.058547973632812e-05, 7.033348083496094e-05, 7.05718994140625e-05, 7.43865966796875e-05, 6.985664367675781e-05, 7.700920104980469e-05, 5.817413330078125e-05, 6.842613220214844e-05, 6.651878356933594e-05, 7.295608520507812e-05, 5.412101745605469e-05, 6.103515625e-05, 7.05718994140625e-05, 
7.271766662597656e-05, 4.863739013671875e-05, 6.270408630371094e-05, 3.1948089599609375e-05, 8.630752563476562e-05, 8.106231689453125e-05, 8.368492126464844e-05, 6.628036499023438e-05, 7.796287536621094e-05, 6.723403930664062e-05, 7.033348083496094e-05, 5.817413330078125e-05, 7.963180541992188e-05, 7.82012939453125e-05, 8.058547973632812e-05, 7.867813110351562e-05, 6.866455078125e-05, 7.390975952148438e-05, 6.842613220214844e-05, 7.033348083496094e-05, 0.00010967254638671875, 0.000102996826171875, 8.7738037109375e-05, 7.82012939453125e-05, 5.817413330078125e-05, 5.626678466796875e-05, 7.867813110351562e-05, 7.128715515136719e-05, 7.176399230957031e-05, 7.367134094238281e-05, 7.081031799316406e-05, 7.462501525878906e-05, 5.698204040527344e-05, 6.747245788574219e-05, 6.4849853515625e-05, 7.128715515136719e-05, 5.435943603515625e-05, 5.9604644775390625e-05, 7.033348083496094e-05, 
5.841255187988281e-05, 3.933906555175781e-05, 6.008148193359375e-05, 3.170967102050781e-05, 6.818771362304688e-05, 7.05718994140625e-05, 7.152557373046875e-05, 5.316734313964844e-05, 6.604194641113281e-05, 6.699562072753906e-05, 5.412101745605469e-05, 4.76837158203125e-05, 6.461143493652344e-05, 6.699562072753906e-05, 7.128715515136719e-05, 7.104873657226562e-05, 6.0558319091796875e-05, 6.699562072753906e-05, 5.364418029785156e-05, 6.175041198730469e-05, 5.91278076171875e-05, 4.8160552978515625e-05, 6.175041198730469e-05, 5.221366882324219e-05, 3.790855407714844e-05, 4.1961669921875e-05, 5.078315734863281e-05, 4.935264587402344e-05, 4.3392181396484375e-05, 4.553794860839844e-05, 4.267692565917969e-05, 4.57763671875e-05, 3.504753112792969e-05, 4.1961669921875e-05, 3.886222839355469e-05, 4.124641418457031e-05, 3.123283386230469e-05, 3.886222839355469e-05, 5.745887756347656e-05, 
5.841255187988281e-05, 3.981590270996094e-05, 6.914138793945312e-05, 3.0040740966796875e-05, 0.00010538101196289062, 0.00011324882507324219, 0.00011348724365234375, 7.891654968261719e-05, 9.632110595703125e-05, 8.559226989746094e-05, 8.463859558105469e-05, 6.890296936035156e-05, 9.870529174804688e-05, 8.96453857421875e-05, 0.00010228157043457031, 0.00010991096496582031, 8.749961853027344e-05, 8.702278137207031e-05, 7.987022399902344e-05, 0.00010275840759277344, 0.00011086463928222656, 8.130073547363281e-05, 8.726119995117188e-05, 7.843971252441406e-05, 5.745887756347656e-05, 5.650520324707031e-05, 7.891654968261719e-05, 6.914138793945312e-05, 7.295608520507812e-05, 7.390975952148438e-05, 7.009506225585938e-05, 7.843971252441406e-05, 5.793571472167969e-05, 8.130073547363281e-05, 7.414817810058594e-05, 7.510185241699219e-05, 5.459785461425781e-05, 6.079673767089844e-05, 7.200241088867188e-05, 
4.935264587402344e-05, 3.409385681152344e-05, 5.1975250244140625e-05, 2.6941299438476562e-05, 9.751319885253906e-05, 0.00011372566223144531, 0.0001049041748046875, 8.749961853027344e-05, 0.00010275840759277344, 8.940696716308594e-05, 8.273124694824219e-05, 7.581710815429688e-05, 9.679794311523438e-05, 9.1552734375e-05, 9.870529174804688e-05, 0.00010728836059570312, 8.702278137207031e-05, 9.799003601074219e-05, 9.1552734375e-05, 9.131431579589844e-05, 0.00010848045349121094, 8.416175842285156e-05, 8.821487426757812e-05, 7.939338684082031e-05, 5.745887756347656e-05, 5.745887756347656e-05, 7.915496826171875e-05, 7.2479248046875e-05, 7.128715515136719e-05, 7.557868957519531e-05, 8.225440979003906e-05, 7.605552673339844e-05, 5.6743621826171875e-05, 6.794929504394531e-05, 7.05718994140625e-05, 7.414817810058594e-05, 5.555152893066406e-05, 7.605552673339844e-05, 7.200241088867188e-05, 
9.799003601074219e-05, 6.890296936035156e-05, 0.00010776519775390625, 5.817413330078125e-05, 0.00010514259338378906, 9.918212890625e-05, 0.0001125335693359375, 7.748603820800781e-05, 0.00018906593322753906, 9.965896606445312e-05, 9.632110595703125e-05, 8.487701416015625e-05, 0.00010228157043457031, 9.298324584960938e-05, 0.00010704994201660156, 9.107589721679688e-05, 9.465217590332031e-05, 0.00010323524475097656, 9.5367431640625e-05, 0.00011348724365234375, 0.00014090538024902344, 8.916854858398438e-05, 9.036064147949219e-05, 8.130073547363281e-05, 6.031990051269531e-05, 5.984306335449219e-05, 8.0108642578125e-05, 9.012222290039062e-05, 7.271766662597656e-05, 9.72747802734375e-05, 7.390975952148438e-05, 7.867813110351562e-05, 5.936622619628906e-05, 7.319450378417969e-05, 7.224082946777344e-05, 7.677078247070312e-05, 5.7220458984375e-05, 6.723403930664062e-05, 7.295608520507812e-05, 
5.7697296142578125e-05, 3.814697265625e-05, 5.316734313964844e-05, 3.361701965332031e-05, 6.008148193359375e-05, 5.221366882324219e-05, 5.316734313964844e-05, 4.1484832763671875e-05, 5.054473876953125e-05, 5.817413330078125e-05, 4.458427429199219e-05, 3.719329833984375e-05, 5.555152893066406e-05, 4.982948303222656e-05, 5.435943603515625e-05, 5.340576171875e-05, 4.6253204345703125e-05, 4.982948303222656e-05, 4.553794860839844e-05, 5.888938903808594e-05, 5.221366882324219e-05, 6.723403930664062e-05, 8.893013000488281e-05, 8.559226989746094e-05, 6.008148193359375e-05, 5.9604644775390625e-05, 8.130073547363281e-05, 7.319450378417969e-05, 7.367134094238281e-05, 7.62939453125e-05, 7.343292236328125e-05, 7.867813110351562e-05, 5.984306335449219e-05, 7.295608520507812e-05, 7.009506225585938e-05, 7.534027099609375e-05, 5.6743621826171875e-05, 6.961822509765625e-05, 7.43865966796875e-05, 
5.698204040527344e-05, 3.981590270996094e-05, 6.031990051269531e-05, 2.9325485229492188e-05, 8.559226989746094e-05, 7.963180541992188e-05, 8.058547973632812e-05, 6.341934204101562e-05, 7.653236389160156e-05, 6.699562072753906e-05, 6.508827209472656e-05, 5.53131103515625e-05, 7.796287536621094e-05, 7.510185241699219e-05, 7.772445678710938e-05, 7.62939453125e-05, 6.937980651855469e-05, 7.367134094238281e-05, 6.699562072753906e-05, 7.176399230957031e-05, 0.00010561943054199219, 8.368492126464844e-05, 8.678436279296875e-05, 7.915496826171875e-05, 5.745887756347656e-05, 5.555152893066406e-05, 7.867813110351562e-05, 7.033348083496094e-05, 7.009506225585938e-05, 7.963180541992188e-05, 7.152557373046875e-05, 7.605552673339844e-05, 5.793571472167969e-05, 7.081031799316406e-05, 8.177757263183594e-05, 7.462501525878906e-05, 5.5789947509765625e-05, 7.414817810058594e-05, 7.176399230957031e-05, 


0.00018930435180664062, 0.00014662742614746094, 0.0002052783966064453, 0.00011563301086425781, 0.024305105209350586, 
5.6743621826171875e-05, 3.886222839355469e-05, 6.008148193359375e-05, 3.1948089599609375e-05, 8.7738037109375e-05, 
5.793571472167969e-05, 3.6716461181640625e-05, 5.6743621826171875e-05, 3.4332275390625e-05, 6.413459777832031e-05, 
4.76837158203125e-05, 3.5762786865234375e-05, 6.0558319091796875e-05, 2.9325485229492188e-05, 6.341934204101562e-05, 
5.5789947509765625e-05, 3.910064697265625e-05, 7.033348083496094e-05, 3.0279159545898438e-05, 8.654594421386719e-05, 
5.555152893066406e-05, 3.695487976074219e-05, 6.079673767089844e-05, 3.218650817871094e-05, 9.322166442871094e-05, 
5.555152893066406e-05, 3.886222839355469e-05, 6.0558319091796875e-05, 2.8371810913085938e-05, 6.0558319091796875e-05, 
9.822845458984375e-05, 6.890296936035156e-05, 0.00013566017150878906, 8.20159912109375e-05, 8.296966552734375e-05, 
5.626678466796875e-05, 3.910064697265625e-05, 5.435943603515625e-05, 2.86102294921875e-05, 6.103515625e-05, 
7.081031799316406e-05, 4.863739013671875e-05, 7.390975952148438e-05, 3.9577484130859375e-05, 0.00010776519775390625, 


0.00018835067749023438, 0.00013875961303710938, 0.00020766258239746094, 0.00011181831359863281, 0.017197608947753906, 0.006516695022583008, 0.0001747608184814453, 0.00017571449279785156, 0.00017142295837402344, 0.012375593185424805, 0.013948678970336914, 0.000194549560546875, 0.0005109310150146484, 5.221366882324219e-05, 5.745887756347656e-05, 0.0001266002655029297, 0.0001289844512939453, 0.0006465911865234375, 0.03455662727355957, 0.00016117095947265625, 0.026303768157958984, 
0.00010132789611816406, 7.486343383789062e-05, 0.00011301040649414062, 6.341934204101562e-05, 0.0001251697540283203, 0.0001552104949951172, 0.0001285076141357422, 0.00014853477478027344, 0.00014328956604003906, 0.0001361370086669922, 0.00013899803161621094, 7.62939453125e-05, 6.270408630371094e-05, 4.9591064453125e-05, 5.364418029785156e-05, 8.654594421386719e-05, 6.794929504394531e-05, 6.628036499023438e-05, 8.463859558105469e-05, 5.841255187988281e-05, 7.367134094238281e-05, 
0.00014662742614746094, 0.00010061264038085938, 0.00015497207641601562, 8.821487426757812e-05, 0.00011444091796875, 8.082389831542969e-05, 9.393692016601562e-05, 0.00010228157043457031, 8.153915405273438e-05, 9.322166442871094e-05, 9.965896606445312e-05, 9.703636169433594e-05, 6.556510925292969e-05, 5.435943603515625e-05, 5.91278076171875e-05, 7.915496826171875e-05, 6.985664367675781e-05, 6.508827209472656e-05, 0.00010228157043457031, 5.650520324707031e-05, 6.651878356933594e-05, 
5.6743621826171875e-05, 3.7670135498046875e-05, 6.198883056640625e-05, 3.0994415283203125e-05, 0.00011944770812988281, 0.00011301040649414062, 7.43865966796875e-05, 8.630752563476562e-05, 6.866455078125e-05, 7.653236389160156e-05, 9.202957153320312e-05, 8.153915405273438e-05, 7.05718994140625e-05, 5.555152893066406e-05, 5.412101745605469e-05, 6.937980651855469e-05, 6.556510925292969e-05, 6.413459777832031e-05, 8.153915405273438e-05, 5.7220458984375e-05, 6.723403930664062e-05, 
9.799003601074219e-05, 7.009506225585938e-05, 0.0001068115234375, 5.745887756347656e-05, 0.00012421607971191406, 0.00010156631469726562, 8.869171142578125e-05, 0.00011396408081054688, 8.392333984375e-05, 9.608268737792969e-05, 0.00010037422180175781, 0.00011014938354492188, 6.985664367675781e-05, 5.030632019042969e-05, 5.3882598876953125e-05, 7.510185241699219e-05, 6.842613220214844e-05, 6.723403930664062e-05, 8.034706115722656e-05, 5.7220458984375e-05, 6.842613220214844e-05, 
5.7220458984375e-05, 3.910064697265625e-05, 6.079673767089844e-05, 3.218650817871094e-05, 0.00010824203491210938, 8.463859558105469e-05, 7.486343383789062e-05, 8.726119995117188e-05, 6.818771362304688e-05, 7.557868957519531e-05, 8.487701416015625e-05, 7.987022399902344e-05, 7.700920104980469e-05, 5.91278076171875e-05, 5.8650970458984375e-05, 7.2479248046875e-05, 6.794929504394531e-05, 6.532669067382812e-05, 0.00011396408081054688, 6.270408630371094e-05, 7.891654968261719e-05, 
9.822845458984375e-05, 7.510185241699219e-05, 0.00010991096496582031, 6.341934204101562e-05, 0.00012683868408203125, 0.000118255615234375, 0.00010776519775390625, 0.00010967254638671875, 7.891654968261719e-05, 8.988380432128906e-05, 0.00010633468627929688, 7.653236389160156e-05, 6.29425048828125e-05, 5.4836273193359375e-05, 6.151199340820312e-05, 7.2479248046875e-05, 8.487701416015625e-05, 8.130073547363281e-05, 8.463859558105469e-05, 6.699562072753906e-05, 6.628036499023438e-05, 
7.009506225585938e-05, 4.76837158203125e-05, 7.534027099609375e-05, 4.172325134277344e-05, 0.0001266002655029297, 8.130073547363281e-05, 7.343292236328125e-05, 8.296966552734375e-05, 6.747245788574219e-05, 7.390975952148438e-05, 8.225440979003906e-05, 7.772445678710938e-05, 8.749961853027344e-05, 5.269050598144531e-05, 5.3882598876953125e-05, 0.00010180473327636719, 6.651878356933594e-05, 6.4849853515625e-05, 8.20159912109375e-05, 5.555152893066406e-05, 6.532669067382812e-05, 
0.00011515617370605469, 7.581710815429688e-05, 0.00012183189392089844, 6.4849853515625e-05, 0.00013113021850585938, 0.0001049041748046875, 9.72747802734375e-05, 0.0001163482666015625, 8.225440979003906e-05, 0.00010585784912109375, 0.00010895729064941406, 0.00010895729064941406, 6.723403930664062e-05, 5.2928924560546875e-05, 5.602836608886719e-05, 7.462501525878906e-05, 6.794929504394531e-05, 6.318092346191406e-05, 8.082389831542969e-05, 5.698204040527344e-05, 6.580352783203125e-05, 
9.822845458984375e-05, 7.557868957519531e-05, 0.00010728836059570312, 5.936622619628906e-05, 0.00012493133544921875, 9.417533874511719e-05, 0.00010824203491210938, 0.00011706352233886719, 0.00010132789611816406, 0.00010657310485839844, 0.00011968612670898438, 0.00010085105895996094, 6.4849853515625e-05, 5.626678466796875e-05, 5.841255187988281e-05, 7.176399230957031e-05, 7.104873657226562e-05, 6.794929504394531e-05, 9.703636169433594e-05, 6.508827209472656e-05, 7.462501525878906e-05, 


0.00012874603271484375, 8.535385131835938e-05, 0.00013208389282226562, 7.224082946777344e-05, 0.0002474784851074219, 0.01773524284362793, 0.0001533031463623047, 0.020045995712280273, 0.0370481014251709, 0.00017070770263671875, 0.020160436630249023, 0.023827075958251953, 0.00018739700317382812, 0.02379465103149414, 0.0001900196075439453, 0.020349740982055664, 0.01624131202697754, 0.029700517654418945, 0.0008647441864013672, 0.00041413307189941406, 0.0005228519439697266, 0.060791969299316406, 0.027591228485107422, 0.026933908462524414, 0.011105537414550781, 
0.00011610984802246094, 8.0108642578125e-05, 0.00013494491577148438, 6.222724914550781e-05, 0.000156402587890625, 9.632110595703125e-05, 7.390975952148438e-05, 8.487701416015625e-05, 7.987022399902344e-05, 6.318092346191406e-05, 6.985664367675781e-05, 8.296966552734375e-05, 7.200241088867188e-05, 0.000102996826171875, 6.890296936035156e-05, 0.00011205673217773438, 7.724761962890625e-05, 7.82012939453125e-05, 8.988380432128906e-05, 7.557868957519531e-05, 7.534027099609375e-05, 7.486343383789062e-05, 9.250640869140625e-05, 7.915496826171875e-05, 7.176399230957031e-05, 
0.00014710426330566406, 0.00010037422180175781, 0.00015592575073242188, 8.821487426757812e-05, 0.00013136863708496094, 0.00010418891906738281, 5.078315734863281e-05, 8.749961853027344e-05, 4.7206878662109375e-05, 4.00543212890625e-05, 4.935264587402344e-05, 6.151199340820312e-05, 5.9604644775390625e-05, 5.7697296142578125e-05, 4.744529724121094e-05, 4.458427429199219e-05, 3.886222839355469e-05, 4.100799560546875e-05, 3.910064697265625e-05, 4.935264587402344e-05, 3.7670135498046875e-05, 3.6716461181640625e-05, 3.647804260253906e-05, 3.743171691894531e-05, 4.172325134277344e-05, 
0.0001475811004638672, 0.000102996826171875, 0.00016379356384277344, 9.417533874511719e-05, 7.772445678710938e-05, 8.320808410644531e-05, 7.224082946777344e-05, 8.273124694824219e-05, 6.842613220214844e-05, 6.008148193359375e-05, 6.67572021484375e-05, 9.322166442871094e-05, 7.081031799316406e-05, 7.534027099609375e-05, 6.842613220214844e-05, 0.00010323524475097656, 7.367134094238281e-05, 7.224082946777344e-05, 8.034706115722656e-05, 7.271766662597656e-05, 7.128715515136719e-05, 7.128715515136719e-05, 7.271766662597656e-05, 7.486343383789062e-05, 7.05718994140625e-05, 
0.00014448165893554688, 9.918212890625e-05, 0.00015354156494140625, 8.797645568847656e-05, 6.747245788574219e-05, 5.245208740234375e-05, 5.173683166503906e-05, 5.4836273193359375e-05, 4.649162292480469e-05, 3.910064697265625e-05, 4.124641418457031e-05, 4.863739013671875e-05, 4.124641418457031e-05, 4.57763671875e-05, 3.838539123535156e-05, 5.626678466796875e-05, 5.054473876953125e-05, 4.649162292480469e-05, 4.7206878662109375e-05, 4.506111145019531e-05, 4.458427429199219e-05, 4.267692565917969e-05, 4.1484832763671875e-05, 4.1961669921875e-05, 3.790855407714844e-05, 
9.989738464355469e-05, 7.033348083496094e-05, 0.00010728836059570312, 6.079673767089844e-05, 6.532669067382812e-05, 6.67572021484375e-05, 5.125999450683594e-05, 5.5789947509765625e-05, 4.6253204345703125e-05, 4.7206878662109375e-05, 4.3392181396484375e-05, 4.935264587402344e-05, 4.124641418457031e-05, 4.6253204345703125e-05, 3.910064697265625e-05, 5.316734313964844e-05, 4.935264587402344e-05, 4.6253204345703125e-05, 4.458427429199219e-05, 4.2438507080078125e-05, 4.124641418457031e-05, 4.100799560546875e-05, 4.2438507080078125e-05, 4.100799560546875e-05, 3.719329833984375e-05, 
0.00011682510375976562, 7.796287536621094e-05, 0.00012564659118652344, 6.651878356933594e-05, 6.151199340820312e-05, 8.177757263183594e-05, 4.839897155761719e-05, 5.173683166503906e-05, 4.57763671875e-05, 3.790855407714844e-05, 4.029273986816406e-05, 4.57763671875e-05, 4.0531158447265625e-05, 4.863739013671875e-05, 3.600120544433594e-05, 4.00543212890625e-05, 3.4809112548828125e-05, 3.886222839355469e-05, 3.790855407714844e-05, 3.457069396972656e-05, 3.4809112548828125e-05, 3.933906555175781e-05, 3.552436828613281e-05, 3.7670135498046875e-05, 3.361701965332031e-05, 
0.00011849403381347656, 7.82012939453125e-05, 0.00012683868408203125, 6.699562072753906e-05, 0.000110626220703125, 8.153915405273438e-05, 7.414817810058594e-05, 8.249282836914062e-05, 7.390975952148438e-05, 6.341934204101562e-05, 6.747245788574219e-05, 8.225440979003906e-05, 7.295608520507812e-05, 0.000133514404296875, 9.489059448242188e-05, 8.106231689453125e-05, 7.367134094238281e-05, 7.462501525878906e-05, 7.462501525878906e-05, 7.390975952148438e-05, 7.390975952148438e-05, 7.224082946777344e-05, 7.319450378417969e-05, 7.557868957519531e-05, 7.200241088867188e-05, 
0.00015497207641601562, 0.00010848045349121094, 0.00019049644470214844, 8.559226989746094e-05, 6.628036499023438e-05, 5.316734313964844e-05, 4.982948303222656e-05, 5.435943603515625e-05, 4.482269287109375e-05, 3.790855407714844e-05, 4.076957702636719e-05, 4.76837158203125e-05, 6.246566772460938e-05, 5.435943603515625e-05, 5.340576171875e-05, 5.0067901611328125e-05, 4.482269287109375e-05, 4.363059997558594e-05, 4.3392181396484375e-05, 4.100799560546875e-05, 4.0531158447265625e-05, 4.076957702636719e-05, 4.3392181396484375e-05, 4.267692565917969e-05, 4.3392181396484375e-05, 
0.00011610984802246094, 8.153915405273438e-05, 0.00012826919555664062, 6.413459777832031e-05, 0.00010561943054199219, 9.250640869140625e-05, 7.43865966796875e-05, 8.225440979003906e-05, 7.2479248046875e-05, 6.198883056640625e-05, 6.794929504394531e-05, 8.249282836914062e-05, 7.367134094238281e-05, 7.843971252441406e-05, 7.677078247070312e-05, 8.082389831542969e-05, 7.486343383789062e-05, 7.510185241699219e-05, 7.390975952148438e-05, 7.557868957519531e-05, 7.343292236328125e-05, 7.510185241699219e-05, 7.43865966796875e-05, 7.510185241699219e-05, 6.961822509765625e-05, 


0.00010514259338378906, 7.653236389160156e-05, 0.00011229515075683594, 6.413459777832031e-05, 0.00021767616271972656, 0.00015616416931152344, 5.245208740234375e-05, 0.02648639678955078, 0.07554388046264648, 0.02559351921081543, 0.0001666545867919922, 0.0001819133758544922, 0.03433418273925781, 0.035547733306884766, 0.0499420166015625, 0.02913379669189453, 0.032216548919677734, 0.02385568618774414, 0.03009629249572754, 0.0343937873840332, 0.033536672592163086, 0.03911781311035156, 0.00020003318786621094, 0.01793980598449707, 0.039362430572509766, 0.02442455291748047, 0.043250083923339844, 0.018845558166503906, 0.026816368103027344, 0.0001983642578125, 0.0001537799835205078, 0.024352312088012695, 0.020150423049926758, 0.012435674667358398, 0.007935762405395508, 0.022172927856445312, 0.00840616226196289, 0.004553079605102539, 0.014280319213867188, 0.019767045974731445, 0.000194549560546875, 0.0001239776611328125, 0.00012803077697753906, 0.00016021728515625, 0.00020956993103027344, 0.000118255615234375, 0.00015211105346679688, 0.00011134147644042969, 0.037065982818603516, 0.01897716522216797, 0.034981727600097656, 
9.846687316894531e-05, 7.605552673339844e-05, 0.00011277198791503906, 6.365776062011719e-05, 8.344650268554688e-05, 7.557868957519531e-05, 6.413459777832031e-05, 7.772445678710938e-05, 7.82012939453125e-05, 7.867813110351562e-05, 5.7220458984375e-05, 7.200241088867188e-05, 8.797645568847656e-05, 8.606910705566406e-05, 7.987022399902344e-05, 8.416175842285156e-05, 0.00010848045349121094, 7.987022399902344e-05, 8.392333984375e-05, 7.152557373046875e-05, 9.059906005859375e-05, 7.510185241699219e-05, 8.916854858398438e-05, 8.368492126464844e-05, 7.343292236328125e-05, 7.653236389160156e-05, 7.128715515136719e-05, 7.009506225585938e-05, 8.273124694824219e-05, 7.295608520507812e-05, 8.368492126464844e-05, 8.0108642578125e-05, 7.414817810058594e-05, 7.581710815429688e-05, 6.246566772460938e-05, 6.604194641113281e-05, 7.271766662597656e-05, 7.05718994140625e-05, 7.62939453125e-05, 7.05718994140625e-05, 7.200241088867188e-05, 5.412101745605469e-05, 5.364418029785156e-05, 9.417533874511719e-05, 8.702278137207031e-05, 6.365776062011719e-05, 7.557868957519531e-05, 6.890296936035156e-05, 7.653236389160156e-05, 6.818771362304688e-05, 7.653236389160156e-05, 
9.775161743164062e-05, 8.344650268554688e-05, 0.00011372566223144531, 6.413459777832031e-05, 0.00011301040649414062, 7.176399230957031e-05, 8.153915405273438e-05, 7.867813110351562e-05, 7.867813110351562e-05, 6.842613220214844e-05, 5.53131103515625e-05, 7.081031799316406e-05, 7.200241088867188e-05, 7.605552673339844e-05, 7.605552673339844e-05, 7.486343383789062e-05, 7.319450378417969e-05, 7.677078247070312e-05, 7.414817810058594e-05, 6.771087646484375e-05, 0.0001323223114013672, 7.2479248046875e-05, 6.723403930664062e-05, 6.651878356933594e-05, 7.05718994140625e-05, 7.271766662597656e-05, 6.771087646484375e-05, 6.723403930664062e-05, 7.486343383789062e-05, 7.152557373046875e-05, 6.580352783203125e-05, 6.937980651855469e-05, 7.05718994140625e-05, 7.176399230957031e-05, 6.198883056640625e-05, 6.437301635742188e-05, 6.985664367675781e-05, 7.367134094238281e-05, 7.271766662597656e-05, 6.818771362304688e-05, 7.176399230957031e-05, 5.2928924560546875e-05, 5.340576171875e-05, 8.392333984375e-05, 8.130073547363281e-05, 5.984306335449219e-05, 7.43865966796875e-05, 6.556510925292969e-05, 6.890296936035156e-05, 6.365776062011719e-05, 7.104873657226562e-05, 
9.989738464355469e-05, 7.104873657226562e-05, 0.00011229515075683594, 5.936622619628906e-05, 9.655952453613281e-05, 0.00010251998901367188, 9.202957153320312e-05, 7.653236389160156e-05, 7.772445678710938e-05, 7.2479248046875e-05, 6.127357482910156e-05, 7.009506225585938e-05, 7.62939453125e-05, 7.843971252441406e-05, 7.796287536621094e-05, 7.772445678710938e-05, 7.62939453125e-05, 7.700920104980469e-05, 8.463859558105469e-05, 7.295608520507812e-05, 7.343292236328125e-05, 7.295608520507812e-05, 6.818771362304688e-05, 8.96453857421875e-05, 8.296966552734375e-05, 8.249282836914062e-05, 7.796287536621094e-05, 9.393692016601562e-05, 0.00010538101196289062, 0.00010061264038085938, 9.799003601074219e-05, 0.00010251998901367188, 7.867813110351562e-05, 0.00010037422180175781, 7.462501525878906e-05, 8.273124694824219e-05, 7.62939453125e-05, 7.176399230957031e-05, 7.581710815429688e-05, 9.775161743164062e-05, 7.724761962890625e-05, 5.984306335449219e-05, 6.0558319091796875e-05, 7.271766662597656e-05, 7.62939453125e-05, 5.936622619628906e-05, 7.414817810058594e-05, 7.104873657226562e-05, 7.486343383789062e-05, 6.556510925292969e-05, 7.43865966796875e-05, 
0.00014448165893554688, 0.00010538101196289062, 0.00013136863708496094, 6.794929504394531e-05, 6.961822509765625e-05, 7.343292236328125e-05, 4.839897155761719e-05, 5.555152893066406e-05, 5.459785461425781e-05, 4.744529724121094e-05, 3.933906555175781e-05, 4.863739013671875e-05, 6.747245788574219e-05, 5.340576171875e-05, 5.0067901611328125e-05, 4.935264587402344e-05, 4.839897155761719e-05, 5.1021575927734375e-05, 4.792213439941406e-05, 4.4345855712890625e-05, 4.506111145019531e-05, 4.315376281738281e-05, 4.076957702636719e-05, 4.506111145019531e-05, 4.38690185546875e-05, 5.7697296142578125e-05, 4.6253204345703125e-05, 4.4345855712890625e-05, 4.267692565917969e-05, 4.1484832763671875e-05, 3.910064697265625e-05, 4.172325134277344e-05, 4.0531158447265625e-05, 4.100799560546875e-05, 3.24249267578125e-05, 3.504753112792969e-05, 3.695487976074219e-05, 3.719329833984375e-05, 3.910064697265625e-05, 3.504753112792969e-05, 3.504753112792969e-05, 2.7179718017578125e-05, 2.7179718017578125e-05, 3.695487976074219e-05, 5.173683166503906e-05, 3.0279159545898438e-05, 3.5762786865234375e-05, 3.457069396972656e-05, 3.6716461181640625e-05, 3.24249267578125e-05, 3.6716461181640625e-05, 
0.00011563301086425781, 7.653236389160156e-05, 0.00012373924255371094, 6.699562072753906e-05, 8.177757263183594e-05, 7.081031799316406e-05, 9.202957153320312e-05, 7.557868957519531e-05, 8.511543273925781e-05, 6.842613220214844e-05, 5.6743621826171875e-05, 6.961822509765625e-05, 7.319450378417969e-05, 7.557868957519531e-05, 7.367134094238281e-05, 7.462501525878906e-05, 7.128715515136719e-05, 7.414817810058594e-05, 7.510185241699219e-05, 6.699562072753906e-05, 6.890296936035156e-05, 7.104873657226562e-05, 6.508827209472656e-05, 6.628036499023438e-05, 6.866455078125e-05, 7.2479248046875e-05, 8.344650268554688e-05, 7.843971252441406e-05, 8.249282836914062e-05, 7.772445678710938e-05, 7.343292236328125e-05, 7.009506225585938e-05, 7.104873657226562e-05, 7.200241088867188e-05, 6.0558319091796875e-05, 6.222724914550781e-05, 6.818771362304688e-05, 7.081031799316406e-05, 7.319450378417969e-05, 6.604194641113281e-05, 0.00010037422180175781, 7.486343383789062e-05, 5.888938903808594e-05, 6.818771362304688e-05, 8.0108642578125e-05, 5.221366882324219e-05, 6.580352783203125e-05, 6.556510925292969e-05, 6.794929504394531e-05, 6.198883056640625e-05, 7.128715515136719e-05, 
9.775161743164062e-05, 8.630752563476562e-05, 0.00010967254638671875, 6.127357482910156e-05, 0.00011372566223144531, 9.441375732421875e-05, 8.130073547363281e-05, 7.748603820800781e-05, 7.987022399902344e-05, 9.703636169433594e-05, 5.817413330078125e-05, 7.081031799316406e-05, 7.200241088867188e-05, 7.748603820800781e-05, 7.486343383789062e-05, 7.43865966796875e-05, 7.2479248046875e-05, 7.486343383789062e-05, 7.581710815429688e-05, 6.818771362304688e-05, 7.081031799316406e-05, 6.985664367675781e-05, 8.821487426757812e-05, 7.772445678710938e-05, 7.939338684082031e-05, 8.106231689453125e-05, 7.605552673339844e-05, 7.605552673339844e-05, 8.320808410644531e-05, 9.989738464355469e-05, 6.937980651855469e-05, 7.05718994140625e-05, 7.343292236328125e-05, 7.772445678710938e-05, 6.270408630371094e-05, 6.508827209472656e-05, 7.081031799316406e-05, 7.176399230957031e-05, 7.319450378417969e-05, 6.651878356933594e-05, 7.176399230957031e-05, 5.3882598876953125e-05, 5.3882598876953125e-05, 6.556510925292969e-05, 7.033348083496094e-05, 5.245208740234375e-05, 6.532669067382812e-05, 6.508827209472656e-05, 6.818771362304688e-05, 6.437301635742188e-05, 6.985664367675781e-05, 
9.870529174804688e-05, 7.62939453125e-05, 0.00011181831359863281, 6.413459777832031e-05, 0.00011968612670898438, 0.00010633468627929688, 9.274482727050781e-05, 7.319450378417969e-05, 7.724761962890625e-05, 6.961822509765625e-05, 5.602836608886719e-05, 0.00010442733764648438, 0.0001010894775390625, 0.00010704994201660156, 0.00010585784912109375, 0.00010561943054199219, 0.00010323524475097656, 0.0001049041748046875, 0.00010585784912109375, 9.703636169433594e-05, 0.00010037422180175781, 0.00010013580322265625, 9.560585021972656e-05, 9.441375732421875e-05, 0.00010251998901367188, 0.00010275840759277344, 9.846687316894531e-05, 0.00010466575622558594, 7.915496826171875e-05, 7.176399230957031e-05, 6.723403930664062e-05, 7.033348083496094e-05, 0.0001201629638671875, 7.128715515136719e-05, 6.151199340820312e-05, 6.318092346191406e-05, 7.05718994140625e-05, 7.343292236328125e-05, 7.414817810058594e-05, 6.747245788574219e-05, 7.104873657226562e-05, 5.316734313964844e-05, 5.340576171875e-05, 6.866455078125e-05, 7.104873657226562e-05, 5.269050598144531e-05, 6.699562072753906e-05, 7.843971252441406e-05, 7.510185241699219e-05, 0.00010251998901367188, 7.867813110351562e-05, 
9.918212890625e-05, 7.534027099609375e-05, 0.00011157989501953125, 6.29425048828125e-05, 0.00011420249938964844, 0.00010013580322265625, 8.821487426757812e-05, 7.62939453125e-05, 8.416175842285156e-05, 7.224082946777344e-05, 5.793571472167969e-05, 6.818771362304688e-05, 7.05718994140625e-05, 7.653236389160156e-05, 7.486343383789062e-05, 0.00011157989501953125, 8.0108642578125e-05, 7.891654968261719e-05, 7.796287536621094e-05, 7.128715515136719e-05, 7.462501525878906e-05, 7.295608520507812e-05, 6.890296936035156e-05, 7.62939453125e-05, 7.390975952148438e-05, 7.581710815429688e-05, 7.963180541992188e-05, 7.152557373046875e-05, 7.677078247070312e-05, 7.295608520507812e-05, 0.00010347366333007812, 7.295608520507812e-05, 7.462501525878906e-05, 7.462501525878906e-05, 7.009506225585938e-05, 7.200241088867188e-05, 7.748603820800781e-05, 7.748603820800781e-05, 7.43865966796875e-05, 6.818771362304688e-05, 7.05718994140625e-05, 5.340576171875e-05, 5.412101745605469e-05, 6.532669067382812e-05, 6.985664367675781e-05, 5.245208740234375e-05, 6.556510925292969e-05, 6.604194641113281e-05, 7.009506225585938e-05, 6.222724914550781e-05, 7.319450378417969e-05, 
0.00010180473327636719, 7.104873657226562e-05, 0.00011110305786132812, 8.0108642578125e-05, 7.62939453125e-05, 6.4849853515625e-05, 5.888938903808594e-05, 7.343292236328125e-05, 7.581710815429688e-05, 6.794929504394531e-05, 8.0108642578125e-05, 6.842613220214844e-05, 7.271766662597656e-05, 7.605552673339844e-05, 7.677078247070312e-05, 7.557868957519531e-05, 7.2479248046875e-05, 7.367134094238281e-05, 7.414817810058594e-05, 6.818771362304688e-05, 7.104873657226562e-05, 7.486343383789062e-05, 6.67572021484375e-05, 6.67572021484375e-05, 7.510185241699219e-05, 7.295608520507812e-05, 6.842613220214844e-05, 6.794929504394531e-05, 7.43865966796875e-05, 7.009506225585938e-05, 6.628036499023438e-05, 6.961822509765625e-05, 7.152557373046875e-05, 7.128715515136719e-05, 6.103515625e-05, 6.461143493652344e-05, 7.05718994140625e-05, 6.866455078125e-05, 7.176399230957031e-05, 6.723403930664062e-05, 6.985664367675781e-05, 5.269050598144531e-05, 5.3882598876953125e-05, 6.628036499023438e-05, 7.033348083496094e-05, 5.221366882324219e-05, 6.556510925292969e-05, 8.320808410644531e-05, 0.00010156631469726562, 7.271766662597656e-05, 7.367134094238281e-05, 


0.00018596649169921875, 0.00014138221740722656, 0.00011086463928222656, 6.794929504394531e-05, 0.00017690658569335938, 0.020282983779907227, 0.00013875961303710938, 0.000164031982421875, 0.016565322875976562, 0.0006940364837646484, 0.00018358230590820312, 0.020487070083618164, 0.00013780593872070312, 0.010463953018188477, 0.032553672790527344, 0.028867721557617188, 0.008285284042358398, 0.011226177215576172, 0.024390697479248047, 0.0008614063262939453, 0.011800289154052734, 0.000171661376953125, 0.00011777877807617188, 0.016045093536376953, 0.007392168045043945, 
0.00012111663818359375, 7.939338684082031e-05, 0.00012636184692382812, 6.67572021484375e-05, 0.00012135505676269531, 9.655952453613281e-05, 0.00010752677917480469, 7.724761962890625e-05, 8.0108642578125e-05, 8.654594421386719e-05, 7.390975952148438e-05, 6.747245788574219e-05, 5.459785461425781e-05, 9.417533874511719e-05, 9.989738464355469e-05, 0.00010013580322265625, 0.00010371208190917969, 8.463859558105469e-05, 9.608268737792969e-05, 8.296966552734375e-05, 8.225440979003906e-05, 9.489059448242188e-05, 0.00010180473327636719, 7.939338684082031e-05, 0.0001049041748046875, 
0.00010013580322265625, 8.487701416015625e-05, 0.00011396408081054688, 6.198883056640625e-05, 7.271766662597656e-05, 6.985664367675781e-05, 7.081031799316406e-05, 7.319450378417969e-05, 0.00010275840759277344, 8.392333984375e-05, 9.632110595703125e-05, 9.107589721679688e-05, 7.414817810058594e-05, 8.344650268554688e-05, 0.00010800361633300781, 0.0001010894775390625, 0.00010514259338378906, 6.29425048828125e-05, 9.679794311523438e-05, 6.0558319091796875e-05, 5.888938903808594e-05, 6.914138793945312e-05, 7.43865966796875e-05, 5.817413330078125e-05, 7.677078247070312e-05, 
9.894371032714844e-05, 7.009506225585938e-05, 0.00010848045349121094, 5.841255187988281e-05, 7.414817810058594e-05, 6.985664367675781e-05, 7.271766662597656e-05, 7.43865966796875e-05, 8.320808410644531e-05, 6.580352783203125e-05, 7.462501525878906e-05, 6.818771362304688e-05, 7.2479248046875e-05, 6.67572021484375e-05, 7.62939453125e-05, 7.581710815429688e-05, 7.891654968261719e-05, 6.318092346191406e-05, 7.2479248046875e-05, 6.222724914550781e-05, 6.818771362304688e-05, 7.486343383789062e-05, 7.82012939453125e-05, 6.008148193359375e-05, 9.655952453613281e-05, 
0.00010037422180175781, 7.62939453125e-05, 0.00011348724365234375, 6.29425048828125e-05, 7.43865966796875e-05, 9.1552734375e-05, 7.176399230957031e-05, 7.367134094238281e-05, 7.581710815429688e-05, 7.05718994140625e-05, 7.009506225585938e-05, 6.699562072753906e-05, 5.459785461425781e-05, 6.508827209472656e-05, 7.319450378417969e-05, 0.00010943412780761719, 8.511543273925781e-05, 6.771087646484375e-05, 7.033348083496094e-05, 6.103515625e-05, 5.8650970458984375e-05, 6.818771362304688e-05, 7.224082946777344e-05, 5.745887756347656e-05, 7.367134094238281e-05, 
9.965896606445312e-05, 7.152557373046875e-05, 0.00011038780212402344, 7.128715515136719e-05, 9.72747802734375e-05, 9.250640869140625e-05, 9.059906005859375e-05, 0.00010609626770019531, 7.295608520507812e-05, 6.198883056640625e-05, 6.914138793945312e-05, 6.723403930664062e-05, 5.4836273193359375e-05, 0.00011038780212402344, 7.176399230957031e-05, 7.319450378417969e-05, 7.557868957519531e-05, 6.103515625e-05, 6.914138793945312e-05, 6.389617919921875e-05, 5.817413330078125e-05, 6.771087646484375e-05, 7.319450378417969e-05, 5.6743621826171875e-05, 7.62939453125e-05, 
9.989738464355469e-05, 6.914138793945312e-05, 0.00010824203491210938, 5.793571472167969e-05, 7.176399230957031e-05, 6.556510925292969e-05, 6.818771362304688e-05, 7.200241088867188e-05, 7.390975952148438e-05, 6.461143493652344e-05, 7.033348083496094e-05, 6.771087646484375e-05, 6.031990051269531e-05, 6.556510925292969e-05, 7.414817810058594e-05, 9.965896606445312e-05, 0.00010013580322265625, 8.320808410644531e-05, 9.441375732421875e-05, 8.368492126464844e-05, 8.344650268554688e-05, 9.799003601074219e-05, 0.00010371208190917969, 7.843971252441406e-05, 7.534027099609375e-05, 
0.00016832351684570312, 9.489059448242188e-05, 0.0001647472381591797, 8.845329284667969e-05, 7.295608520507812e-05, 6.67572021484375e-05, 6.771087646484375e-05, 7.104873657226562e-05, 7.414817810058594e-05, 6.651878356933594e-05, 8.392333984375e-05, 7.343292236328125e-05, 6.151199340820312e-05, 7.033348083496094e-05, 7.510185241699219e-05, 8.058547973632812e-05, 7.82012939453125e-05, 6.318092346191406e-05, 7.128715515136719e-05, 6.103515625e-05, 5.8650970458984375e-05, 6.794929504394531e-05, 7.43865966796875e-05, 5.745887756347656e-05, 7.700920104980469e-05, 
9.942054748535156e-05, 7.915496826171875e-05, 0.00010895729064941406, 5.841255187988281e-05, 7.152557373046875e-05, 6.794929504394531e-05, 6.985664367675781e-05, 7.104873657226562e-05, 7.462501525878906e-05, 6.508827209472656e-05, 6.985664367675781e-05, 6.723403930664062e-05, 5.650520324707031e-05, 6.556510925292969e-05, 7.319450378417969e-05, 7.2479248046875e-05, 7.462501525878906e-05, 6.0558319091796875e-05, 6.842613220214844e-05, 8.96453857421875e-05, 5.7220458984375e-05, 6.723403930664062e-05, 7.367134094238281e-05, 5.698204040527344e-05, 7.343292236328125e-05, 
0.00010037422180175781, 7.033348083496094e-05, 0.00010991096496582031, 5.793571472167969e-05, 7.128715515136719e-05, 6.937980651855469e-05, 7.05718994140625e-05, 7.939338684082031e-05, 7.43865966796875e-05, 6.270408630371094e-05, 7.43865966796875e-05, 6.985664367675781e-05, 5.841255187988281e-05, 6.699562072753906e-05, 7.414817810058594e-05, 7.390975952148438e-05, 7.653236389160156e-05, 6.222724914550781e-05, 6.985664367675781e-05, 6.246566772460938e-05, 6.794929504394531e-05, 7.295608520507812e-05, 7.462501525878906e-05, 5.91278076171875e-05, 8.106231689453125e-05, 


4.792213439941406e-05, 3.6716461181640625e-05, 6.151199340820312e-05, 3.719329833984375e-05, 
4.792213439941406e-05, 3.600120544433594e-05, 6.079673767089844e-05, 4.029273986816406e-05, 
4.7206878662109375e-05, 4.0531158447265625e-05, 6.0558319091796875e-05, 3.0040740966796875e-05, 
7.414817810058594e-05, 5.245208740234375e-05, 8.249282836914062e-05, 4.506111145019531e-05, 
4.76837158203125e-05, 3.719329833984375e-05, 6.079673767089844e-05, 3.24249267578125e-05, 
4.744529724121094e-05, 3.2901763916015625e-05, 5.1975250244140625e-05, 2.6941299438476562e-05, 
4.744529724121094e-05, 8.106231689453125e-05, 0.00012993812561035156, 5.245208740234375e-05, 
6.985664367675781e-05, 4.9114227294921875e-05, 7.367134094238281e-05, 4.00543212890625e-05, 
6.866455078125e-05, 6.961822509765625e-05, 7.295608520507812e-05, 4.291534423828125e-05, 
4.744529724121094e-05, 3.528594970703125e-05, 5.91278076171875e-05, 2.8848648071289062e-05, 


0.0004658699035644531, 0.0001461505889892578, 0.0002086162567138672, 0.000141143798828125, 0.012758493423461914, 0.012605667114257812, 0.020638704299926758, 0.00017690658569335938, 0.015865802764892578, 0.03737926483154297, 0.00027871131896972656, 0.00016927719116210938, 4.9591064453125e-05, 0.0003123283386230469, 0.03111124038696289, 0.02662515640258789, 0.015886783599853516, 
0.00017404556274414062, 5.316734313964844e-05, 8.20159912109375e-05, 4.4345855712890625e-05, 0.00016570091247558594, 9.417533874511719e-05, 0.00010657310485839844, 7.677078247070312e-05, 8.678436279296875e-05, 8.463859558105469e-05, 7.462501525878906e-05, 7.462501525878906e-05, 6.771087646484375e-05, 6.127357482910156e-05, 7.534027099609375e-05, 7.390975952148438e-05, 7.271766662597656e-05, 
0.0013153553009033203, 4.315376281738281e-05, 7.033348083496094e-05, 3.1948089599609375e-05, 0.0001628398895263672, 8.7738037109375e-05, 8.273124694824219e-05, 7.796287536621094e-05, 7.653236389160156e-05, 7.414817810058594e-05, 7.295608520507812e-05, 7.486343383789062e-05, 6.699562072753906e-05, 5.9604644775390625e-05, 7.295608520507812e-05, 7.343292236328125e-05, 7.152557373046875e-05, 
0.00018215179443359375, 3.9577484130859375e-05, 6.461143493652344e-05, 3.147125244140625e-05, 0.00016236305236816406, 8.845329284667969e-05, 9.989738464355469e-05, 7.43865966796875e-05, 7.43865966796875e-05, 8.463859558105469e-05, 8.0108642578125e-05, 7.534027099609375e-05, 7.224082946777344e-05, 6.270408630371094e-05, 8.0108642578125e-05, 8.082389831542969e-05, 7.987022399902344e-05, 
0.001230478286743164, 3.838539123535156e-05, 6.437301635742188e-05, 3.170967102050781e-05, 0.00016951560974121094, 9.822845458984375e-05, 7.534027099609375e-05, 7.82012939453125e-05, 7.605552673339844e-05, 7.319450378417969e-05, 7.033348083496094e-05, 7.605552673339844e-05, 6.628036499023438e-05, 5.91278076171875e-05, 7.271766662597656e-05, 0.00010776519775390625, 7.534027099609375e-05, 
0.0001671314239501953, 5.14984130859375e-05, 8.559226989746094e-05, 4.3392181396484375e-05, 0.0001575946807861328, 8.296966552734375e-05, 9.918212890625e-05, 7.62939453125e-05, 7.414817810058594e-05, 7.2479248046875e-05, 7.176399230957031e-05, 7.486343383789062e-05, 6.628036499023438e-05, 5.91278076171875e-05, 7.319450378417969e-05, 8.988380432128906e-05, 9.322166442871094e-05, 
0.00020647048950195312, 4.315376281738281e-05, 5.888938903808594e-05, 3.1948089599609375e-05, 9.846687316894531e-05, 6.151199340820312e-05, 9.5367431640625e-05, 7.605552673339844e-05, 8.344650268554688e-05, 7.557868957519531e-05, 7.319450378417969e-05, 7.724761962890625e-05, 6.937980651855469e-05, 6.175041198730469e-05, 7.62939453125e-05, 7.581710815429688e-05, 9.179115295410156e-05, 
0.00016069412231445312, 4.172325134277344e-05, 5.7220458984375e-05, 3.123283386230469e-05, 0.0001742839813232422, 8.749961853027344e-05, 8.487701416015625e-05, 7.605552673339844e-05, 7.963180541992188e-05, 7.534027099609375e-05, 7.2479248046875e-05, 7.700920104980469e-05, 6.866455078125e-05, 6.079673767089844e-05, 7.605552673339844e-05, 7.62939453125e-05, 7.510185241699219e-05, 
0.00017333030700683594, 6.556510925292969e-05, 6.031990051269531e-05, 3.075599670410156e-05, 0.00010657310485839844, 4.887580871582031e-05, 9.965896606445312e-05, 7.295608520507812e-05, 7.677078247070312e-05, 7.772445678710938e-05, 7.43865966796875e-05, 7.319450378417969e-05, 6.699562072753906e-05, 6.580352783203125e-05, 7.534027099609375e-05, 7.295608520507812e-05, 0.00010371208190917969, 
0.00012683868408203125, 4.076957702636719e-05, 6.127357482910156e-05, 3.337860107421875e-05, 0.00012111663818359375, 5.054473876953125e-05, 5.507469177246094e-05, 7.987022399902344e-05, 7.653236389160156e-05, 7.677078247070312e-05, 7.2479248046875e-05, 7.62939453125e-05, 6.985664367675781e-05, 6.222724914550781e-05, 8.177757263183594e-05, 7.62939453125e-05, 7.343292236328125e-05, 


0.00022220611572265625, 0.0001499652862548828, 0.0002300739288330078, 0.00012874603271484375, 0.014597892761230469, 
0.00014352798461914062, 0.00010085105895996094, 0.0001647472381591797, 8.463859558105469e-05, 0.0001838207244873047, 
0.00011610984802246094, 8.440017700195312e-05, 0.00012946128845214844, 7.128715515136719e-05, 0.00015616416931152344, 
0.00014734268188476562, 0.00010442733764648438, 0.00015401840209960938, 8.702278137207031e-05, 0.00013136863708496094, 
9.775161743164062e-05, 0.00010013580322265625, 0.00011205673217773438, 6.413459777832031e-05, 0.0001595020294189453, 
0.00011372566223144531, 8.106231689453125e-05, 0.00011181831359863281, 6.365776062011719e-05, 0.00015354156494140625, 
0.00014710426330566406, 0.00010561943054199219, 0.0001583099365234375, 9.298324584960938e-05, 0.0001232624053955078, 
9.846687316894531e-05, 7.390975952148438e-05, 0.00011014938354492188, 6.29425048828125e-05, 0.00016164779663085938, 
0.0001430511474609375, 0.00010037422180175781, 0.000152587890625, 8.392333984375e-05, 0.0001575946807861328, 
0.00011563301086425781, 7.486343383789062e-05, 0.00012564659118652344, 6.365776062011719e-05, 0.0001666545867919922, 


0.00018358230590820312, 0.0001289844512939453, 0.0002009868621826172, 0.00011277198791503906, 0.013975858688354492, 0.00017571449279785156, 0.01540827751159668, 0.031116724014282227, 0.015340805053710938, 0.015759944915771484, 0.00015807151794433594, 0.018430471420288086, 0.03539276123046875, 0.0006470680236816406, 0.015018463134765625, 0.03243660926818848, 0.021071434020996094, 0.02620100975036621, 0.029903173446655273, 0.02370285987854004, 0.03178000450134277, 0.00016951560974121094, 0.03435087203979492, 0.012336254119873047, 0.02720046043395996, 8.249282836914062e-05, 0.00016641616821289062, 0.04945731163024902, 0.03710484504699707, 0.019969940185546875, 0.0001990795135498047, 0.025419235229492188, 0.00015807151794433594, 0.015258073806762695, 0.0491948127746582, 0.011927127838134766, 0.020734310150146484, 0.028132200241088867, 0.027258872985839844, 
0.00010037422180175781, 6.937980651855469e-05, 0.00010752677917480469, 5.984306335449219e-05, 9.679794311523438e-05, 6.175041198730469e-05, 6.651878356933594e-05, 7.82012939453125e-05, 7.724761962890625e-05, 6.651878356933594e-05, 6.198883056640625e-05, 8.225440979003906e-05, 8.416175842285156e-05, 6.151199340820312e-05, 6.127357482910156e-05, 8.678436279296875e-05, 6.008148193359375e-05, 4.363059997558594e-05, 4.100799560546875e-05, 4.982948303222656e-05, 5.650520324707031e-05, 2.956390380859375e-05, 3.4332275390625e-05, 2.8848648071289062e-05, 3.2901763916015625e-05, 2.7894973754882812e-05, 2.9325485229492188e-05, 4.124641418457031e-05, 4.220008850097656e-05, 3.314018249511719e-05, 3.1948089599609375e-05, 3.933906555175781e-05, 3.504753112792969e-05, 3.457069396972656e-05, 3.3855438232421875e-05, 3.552436828613281e-05, 3.4809112548828125e-05, 3.790855407714844e-05, 3.5762786865234375e-05, 
9.942054748535156e-05, 8.845329284667969e-05, 0.00011014938354492188, 5.984306335449219e-05, 0.00012731552124023438, 0.00010418891906738281, 0.00010728836059570312, 0.00012540817260742188, 0.000125885009765625, 0.00011205673217773438, 0.00011515617370605469, 7.009506225585938e-05, 6.937980651855469e-05, 6.723403930664062e-05, 6.651878356933594e-05, 0.00012254714965820312, 8.606910705566406e-05, 7.486343383789062e-05, 9.989738464355469e-05, 7.486343383789062e-05, 8.082389831542969e-05, 6.461143493652344e-05, 7.462501525878906e-05, 6.461143493652344e-05, 7.343292236328125e-05, 7.224082946777344e-05, 8.487701416015625e-05, 0.0001266002655029297, 8.344650268554688e-05, 7.128715515136719e-05, 7.104873657226562e-05, 8.130073547363281e-05, 7.43865966796875e-05, 7.414817810058594e-05, 7.343292236328125e-05, 7.653236389160156e-05, 8.630752563476562e-05, 7.772445678710938e-05, 7.62939453125e-05, 
9.918212890625e-05, 7.581710815429688e-05, 0.00011014938354492188, 6.222724914550781e-05, 0.00011444091796875, 0.00010538101196289062, 0.00011467933654785156, 0.00011038780212402344, 0.00012159347534179688, 0.00010824203491210938, 8.535385131835938e-05, 9.965896606445312e-05, 0.00011491775512695312, 0.0001125335693359375, 0.00011467933654785156, 0.00011801719665527344, 8.440017700195312e-05, 7.224082946777344e-05, 7.414817810058594e-05, 7.343292236328125e-05, 7.43865966796875e-05, 0.00010013580322265625, 0.00010466575622558594, 8.749961853027344e-05, 0.00010514259338378906, 8.344650268554688e-05, 8.273124694824219e-05, 0.00011205673217773438, 0.00010418891906738281, 9.226799011230469e-05, 9.322166442871094e-05, 0.00010442733764648438, 9.560585021972656e-05, 9.179115295410156e-05, 9.512901306152344e-05, 9.632110595703125e-05, 7.62939453125e-05, 7.605552673339844e-05, 9.703636169433594e-05, 
0.00010037422180175781, 7.581710815429688e-05, 0.00011110305786132812, 6.246566772460938e-05, 0.00012230873107910156, 0.0001010894775390625, 0.00011324882507324219, 0.00011396408081054688, 0.00011372566223144531, 0.00012445449829101562, 9.632110595703125e-05, 7.128715515136719e-05, 6.961822509765625e-05, 6.651878356933594e-05, 6.747245788574219e-05, 0.00012040138244628906, 8.20159912109375e-05, 7.104873657226562e-05, 7.128715515136719e-05, 7.224082946777344e-05, 7.390975952148438e-05, 8.225440979003906e-05, 0.00010037422180175781, 6.532669067382812e-05, 7.462501525878906e-05, 9.465217590332031e-05, 7.104873657226562e-05, 8.797645568847656e-05, 8.130073547363281e-05, 7.987022399902344e-05, 7.748603820800781e-05, 8.320808410644531e-05, 7.510185241699219e-05, 7.295608520507812e-05, 7.367134094238281e-05, 7.510185241699219e-05, 7.700920104980469e-05, 7.915496826171875e-05, 7.557868957519531e-05, 
9.894371032714844e-05, 9.250640869140625e-05, 0.00010728836059570312, 5.7220458984375e-05, 0.00011873245239257812, 9.894371032714844e-05, 0.00010395050048828125, 0.00011324882507324219, 9.322166442871094e-05, 8.440017700195312e-05, 6.651878356933594e-05, 7.867813110351562e-05, 8.106231689453125e-05, 9.72747802734375e-05, 9.918212890625e-05, 0.0001201629638671875, 8.392333984375e-05, 7.367134094238281e-05, 7.2479248046875e-05, 7.343292236328125e-05, 7.510185241699219e-05, 6.103515625e-05, 7.104873657226562e-05, 6.031990051269531e-05, 7.152557373046875e-05, 6.031990051269531e-05, 6.318092346191406e-05, 8.845329284667969e-05, 8.034706115722656e-05, 8.034706115722656e-05, 7.724761962890625e-05, 9.846687316894531e-05, 7.009506225585938e-05, 7.104873657226562e-05, 7.581710815429688e-05, 7.295608520507812e-05, 8.535385131835938e-05, 7.867813110351562e-05, 7.82012939453125e-05, 
0.00010323524475097656, 7.462501525878906e-05, 0.00011277198791503906, 6.222724914550781e-05, 0.0001049041748046875, 7.653236389160156e-05, 8.7738037109375e-05, 8.726119995117188e-05, 9.012222290039062e-05, 9.226799011230469e-05, 8.797645568847656e-05, 9.274482727050781e-05, 0.00011110305786132812, 0.0001068115234375, 9.870529174804688e-05, 0.0001220703125, 8.654594421386719e-05, 7.510185241699219e-05, 7.319450378417969e-05, 8.177757263183594e-05, 7.82012939453125e-05, 6.29425048828125e-05, 7.343292236328125e-05, 6.151199340820312e-05, 9.846687316894531e-05, 6.270408630371094e-05, 6.461143493652344e-05, 0.0001404285430908203, 9.942054748535156e-05, 8.487701416015625e-05, 7.462501525878906e-05, 8.511543273925781e-05, 7.367134094238281e-05, 7.200241088867188e-05, 7.128715515136719e-05, 7.581710815429688e-05, 0.00010967254638671875, 8.678436279296875e-05, 7.748603820800781e-05, 
0.00010228157043457031, 7.05718994140625e-05, 0.00010800361633300781, 6.031990051269531e-05, 0.00010371208190917969, 7.62939453125e-05, 0.00011110305786132812, 0.00011181831359863281, 0.00011229515075683594, 0.00012135505676269531, 8.034706115722656e-05, 0.00010991096496582031, 0.00011754035949707031, 0.00010585784912109375, 0.00010442733764648438, 0.00011777877807617188, 8.606910705566406e-05, 7.677078247070312e-05, 7.176399230957031e-05, 7.82012939453125e-05, 7.700920104980469e-05, 7.367134094238281e-05, 0.00011157989501953125, 6.818771362304688e-05, 7.176399230957031e-05, 5.936622619628906e-05, 8.296966552734375e-05, 8.58306884765625e-05, 8.153915405273438e-05, 7.05718994140625e-05, 6.818771362304688e-05, 8.0108642578125e-05, 7.152557373046875e-05, 7.05718994140625e-05, 7.2479248046875e-05, 7.414817810058594e-05, 7.653236389160156e-05, 7.891654968261719e-05, 7.653236389160156e-05, 
0.00011754035949707031, 7.486343383789062e-05, 0.00011014938354492188, 5.888938903808594e-05, 0.00011658668518066406, 9.5367431640625e-05, 0.0001201629638671875, 0.0001227855682373047, 0.00012731552124023438, 0.00010967254638671875, 8.916854858398438e-05, 0.00011992454528808594, 0.0001220703125, 0.00010418891906738281, 0.00010514259338378906, 0.00012040138244628906, 8.797645568847656e-05, 7.581710815429688e-05, 7.009506225585938e-05, 7.2479248046875e-05, 7.581710815429688e-05, 6.270408630371094e-05, 6.866455078125e-05, 5.984306335449219e-05, 6.67572021484375e-05, 5.841255187988281e-05, 6.103515625e-05, 8.320808410644531e-05, 8.106231689453125e-05, 7.128715515136719e-05, 6.890296936035156e-05, 0.00011539459228515625, 7.557868957519531e-05, 7.2479248046875e-05, 7.510185241699219e-05, 7.462501525878906e-05, 7.748603820800781e-05, 8.0108642578125e-05, 7.963180541992188e-05, 
9.965896606445312e-05, 8.130073547363281e-05, 0.00011110305786132812, 8.440017700195312e-05, 0.00013017654418945312, 0.00010609626770019531, 0.00011444091796875, 0.00011944770812988281, 0.00010991096496582031, 9.894371032714844e-05, 9.417533874511719e-05, 0.00012159347534179688, 7.867813110351562e-05, 0.00011587142944335938, 0.00010251998901367188, 0.00011777877807617188, 8.225440979003906e-05, 6.937980651855469e-05, 7.009506225585938e-05, 7.081031799316406e-05, 0.00010085105895996094, 6.651878356933594e-05, 8.440017700195312e-05, 6.389617919921875e-05, 7.319450378417969e-05, 6.079673767089844e-05, 6.461143493652344e-05, 8.702278137207031e-05, 0.00010037422180175781, 7.390975952148438e-05, 7.152557373046875e-05, 8.177757263183594e-05, 7.534027099609375e-05, 7.390975952148438e-05, 7.510185241699219e-05, 7.557868957519531e-05, 7.700920104980469e-05, 0.00011110305786132812, 0.00011181831359863281, 


